time	V(After_R1,FBR_Output)*I(R1)	V(after_r1)	V(fbr_output)	V(gpio)	I(D1)	I(R1)	I(R2)	I(R3)	I(R11)
0.000000000000000e+000	2.461600e-049	1.438972e-015	1.438972e-015	3.300000e+000	-2.658278e-026	2.324915e-027	-3.762776e-027	1.438972e-027	9.203437e-012
7.336537250194757e-007	6.423744e-017	-3.277367e-007	-2.065310e-006	3.300000e+000	9.101651e-012	3.696964e-011	-1.800032e-011	-1.896932e-011	9.195430e-012
1.467307450038952e-006	8.145498e-017	-3.505225e-007	-2.307148e-006	3.300000e+000	1.023608e-011	4.163033e-011	-2.024397e-011	-2.138637e-011	9.194204e-012
2.200961175058427e-006	9.188441e-018	-6.835744e-008	-7.255155e-007	3.300000e+000	3.403296e-012	1.398209e-011	-6.730953e-012	-7.251135e-012	9.199759e-012
2.934614900077903e-006	9.934437e-017	5.187585e-007	2.679588e-006	3.300000e+000	-1.139671e-011	-4.597510e-011	2.253873e-011	2.343637e-011	9.212094e-012
3.668268625097379e-006	8.982000e-016	1.410825e-006	7.908163e-006	3.300000e+000	-3.416393e-011	-1.382412e-010	6.756508e-011	7.067615e-011	9.231209e-012
4.401922350116854e-006	3.246403e-015	2.607843e-006	1.496021e-005	3.300000e+000	-6.489838e-011	-2.628163e-010	1.283481e-010	1.344682e-010	9.257106e-012
5.135576075136328e-006	8.278973e-015	4.109811e-006	2.383573e-005	3.300000e+000	-1.036000e-010	-4.197003e-010	2.048878e-010	2.148125e-010	9.289782e-012
5.804270038804124e-006	6.723376e-014	1.073772e-005	6.695148e-005	3.300000e+000	-2.944661e-010	-1.196037e-009	5.823648e-010	6.136727e-010	9.449683e-012
6.240039422441757e-006	3.216628e-013	2.240768e-005	1.453636e-004	3.300000e+000	-6.435443e-010	-2.616083e-009	1.272737e-009	1.343346e-009	9.742073e-012
6.640910966818768e-006	1.375179e-012	4.498895e-005	2.992200e-004	3.300000e+000	-1.329884e-009	-5.409171e-009	2.630110e-009	2.779061e-009	1.031730e-011
6.922549898479322e-006	3.916836e-012	7.478990e-005	5.038485e-004	3.300000e+000	-2.243835e-009	-9.128907e-009	4.437620e-009	4.691287e-009	1.108370e-011
7.190928540774274e-006	1.086972e-011	1.234279e-004	8.381844e-004	3.300000e+000	-3.738054e-009	-1.520758e-008	7.392689e-009	7.814895e-009	1.233632e-011
7.426439946991448e-006	2.668778e-011	1.927483e-004	1.312715e-003	3.300000e+000	-5.858537e-009	-2.382908e-008	1.158622e-008	1.224286e-008	1.411318e-011
7.663528447057288e-006	6.680501e-011	3.057069e-004	2.077665e-003	3.300000e+000	-9.274058e-009	-3.770124e-008	1.834056e-008	1.936068e-008	1.697379e-011
7.928891842345702e-006	1.829069e-010	5.111215e-004	3.443121e-003	3.300000e+000	-1.536015e-008	-6.238298e-008	3.037471e-008	3.200827e-008	2.206719e-011
8.208496106977785e-006	5.049659e-010	8.663497e-004	5.738043e-003	3.300000e+000	-2.555845e-008	-1.036530e-007	5.053527e-008	5.311778e-008	3.059262e-011
8.499077057687545e-006	1.367841e-009	1.473208e-003	9.491220e-003	3.300000e+000	-4.215571e-008	-1.705960e-007	8.333060e-008	8.726539e-008	4.444234e-011
8.804435791948542e-006	3.590619e-009	2.509427e-003	1.550016e-002	3.300000e+000	-6.848066e-008	-2.763985e-007	1.353606e-007	1.410380e-007	6.637765e-011
9.132756773657966e-006	9.040832e-009	4.286203e-003	2.489977e-002	3.300000e+000	-1.090157e-007	-4.385865e-007	2.154949e-007	2.230916e-007	1.000995e-010
9.498607711201068e-006	2.172914e-008	7.376987e-003	3.933430e-002	3.300000e+000	-1.696770e-007	-6.799427e-007	3.353402e-007	3.446025e-007	1.504697e-010
9.929434284514343e-006	5.014590e-008	1.294657e-002	6.149405e-002	3.299999e+000	-2.588512e-007	-1.032925e-006	5.113172e-007	5.216078e-007	2.245460e-010
1.047402370728876e-005	1.121234e-007	2.357570e-002	9.616908e-002	3.299999e+000	-3.885203e-007	-1.544540e-006	7.667054e-007	7.778344e-007	3.330101e-010
1.123771902722846e-005	2.466591e-007	4.611095e-002	1.537817e-001	3.299999e+000	-5.775016e-007	-2.290866e-006	1.137264e-006	1.153602e-006	4.949239e-010
1.252455415827290e-005	5.589932e-007	1.015532e-001	2.636417e-001	3.299998e+000	-8.673260e-007	-3.448692e-006	1.699982e-006	1.748710e-006	7.605854e-010
1.435305997234097e-005	1.074847e-006	2.077284e-001	4.324901e-001	3.299998e+000	-1.188240e-006	-4.782164e-006	2.311059e-006	2.471106e-006	1.107682e-009
1.637144090409926e-005	1.609212e-006	3.525882e-001	6.276027e-001	3.299997e+000	-1.415854e-006	-5.851372e-006	2.729613e-006	3.121758e-006	1.467396e-009
1.877968731210537e-005	2.147406e-006	5.481957e-001	8.658875e-001	3.299996e+000	-1.537442e-006	-6.759401e-006	2.953995e-006	3.805406e-006	1.937130e-009
2.176131217073846e-005	2.947799e-006	7.898878e-001	1.162106e+000	3.299992e+000	-1.266919e-006	-7.919542e-006	2.524760e-006	5.394782e-006	3.499929e-009
2.315447273636513e-005	3.910244e-006	8.686970e-001	1.297394e+000	3.299987e+000	-7.398552e-007	-9.121221e-006	1.628515e-006	7.492706e-006	5.705828e-009
2.476103610188880e-005	6.309648e-006	9.046384e-001	1.449206e+000	3.299980e+000	-1.598889e-007	-1.158654e-005	6.388366e-007	1.094770e-005	9.089184e-009
2.613754630243642e-005	9.402623e-006	9.144258e-001	1.579199e+000	3.299975e+000	-8.185759e-008	-1.414411e-005	5.331457e-007	1.361096e-005	1.139911e-008
2.761110208357007e-005	1.356237e-005	9.218497e-001	1.720243e+000	3.299970e+000	-1.043282e-007	-1.698708e-005	6.107180e-007	1.637637e-005	1.372638e-008
2.996184279778224e-005	2.192556e-005	9.329423e-001	1.948078e+000	3.299961e+000	-7.665796e-008	-2.159864e-005	6.186135e-007	2.098003e-005	1.766312e-008
3.336530637657814e-005	3.791938e-005	9.467222e-001	2.281717e+000	3.299948e+000	-7.193638e-008	-2.840414e-005	6.960992e-007	2.770804e-005	2.343764e-008
3.920326835633101e-005	7.626386e-005	9.672787e-001	2.860530e+000	3.299926e+000	-6.019982e-008	-4.028195e-005	8.361418e-007	3.944580e-005	3.375862e-008
5.087919231583676e-005	1.947886e-004	1.003028e+000	4.028762e+000	3.299869e+000	-5.207741e-008	-6.437732e-005	1.208082e-006	6.316924e-005	5.945151e-008
6.678278083803750e-005	4.467890e-004	1.046992e+000	5.629467e+000	3.299138e+000	-4.587791e-008	-9.749948e-005	1.858136e-006	9.564134e-005	3.919658e-007
7.790036367573999e-005	6.856591e-004	1.075647e+000	6.752440e+000	3.290989e+000	-4.321077e-008	-1.207828e-004	2.435916e-006	1.183469e-004	4.095940e-006
8.634496009186155e-005	9.018965e-004	1.096454e+000	7.607148e+000	3.264310e+000	-4.176697e-008	-1.385254e-004	2.979562e-006	1.355458e-004	1.622260e-005
9.669915283429054e-005	1.208032e-003	1.121230e+000	8.656315e+000	3.208007e+000	-4.040180e-008	-1.603209e-004	3.773378e-006	1.565476e-004	4.181500e-005
1.073452769055176e-004	1.569897e-003	1.146100e+000	9.735929e+000	3.151870e+000	-3.908706e-008	-1.827623e-004	4.731020e-006	1.780313e-004	6.733213e-005
1.191847596600287e-004	2.028534e-003	1.173101e+000	1.093738e+001	3.102927e+000	-3.800687e-008	-2.077505e-004	5.986406e-006	2.017641e-004	8.957848e-005
1.355186854791864e-004	2.758577e-003	1.209373e+000	1.259591e+001	3.045526e+000	-3.677183e-008	-2.422667e-004	8.054713e-006	2.342120e-004	1.156700e-004
1.664658982840722e-004	4.450927e-003	1.276143e+000	1.573967e+001	2.939813e+000	-3.602066e-008	-3.077346e-004	1.263372e-005	2.951009e-004	1.637215e-004
2.188402796526230e-004	8.234489e-003	1.386815e+000	2.105966e+001	2.749529e+000	-3.724773e-008	-4.185713e-004	2.042341e-005	3.981479e-004	2.502141e-004
3.196742834770813e-004	1.875524e-002	1.599555e+000	3.128955e+001	2.344417e+000	-4.193798e-008	-6.317021e-004	3.165773e-005	6.000444e-004	4.343558e-004
4.434923804425160e-004	3.743789e-002	1.863931e+000	4.381129e+001	1.793580e+000	-4.504851e-008	-8.924970e-004	3.795637e-005	8.545406e-004	6.847362e-004
5.908683945577966e-004	6.782490e-002	2.180942e+000	5.864128e+001	1.090313e+000	-4.443589e-008	-1.201284e-003	3.866634e-005	1.162617e-003	1.004403e-003
6.964404534750539e-004	9.493702e-002	2.407528e+000	6.920603e+001	5.749415e-001	-4.270280e-008	-1.421245e-003	3.727509e-005	1.383970e-003	1.238663e-003
7.385477753066119e-004	1.069575e-001	2.497365e+000	7.339872e+001	3.778834e-001	-4.191563e-008	-1.508540e-003	3.655988e-005	1.471980e-003	1.328235e-003
7.654016829803885e-004	1.149707e-001	2.554389e+000	7.606374e+001	2.751283e-001	-4.147239e-008	-1.564029e-003	3.611095e-005	1.527918e-003	1.374942e-003
7.818298658077626e-004	1.200055e-001	2.589176e+000	7.769084e+001	2.402540e-001	-4.120069e-008	-1.597908e-003	3.584396e-005	1.562064e-003	1.390794e-003
8.026836749615738e-004	1.265423e-001	2.633243e+000	7.975319e+001	2.247757e-001	-4.088862e-008	-1.640850e-003	3.551353e-005	1.605336e-003	1.397829e-003
8.158828210089692e-004	1.307635e-001	2.661083e+000	8.105677e+001	2.198168e-001	-4.069258e-008	-1.667993e-003	3.530967e-005	1.632684e-003	1.400083e-003
8.326779671111453e-004	1.362254e-001	2.696422e+000	8.271262e+001	2.148783e-001	-4.044840e-008	-1.702472e-003	3.505974e-005	1.667413e-003	1.402328e-003
8.662682593154973e-004	1.474566e-001	2.766864e+000	8.601624e+001	2.073291e-001	-4.010355e-008	-1.771263e-003	3.459050e-005	1.736673e-003	1.405759e-003
9.175437439462733e-004	1.653741e-001	2.873698e+000	9.103595e+001	1.989906e-001	-3.985007e-008	-1.875793e-003	3.399107e-005	1.841801e-003	1.409550e-003
1.020094713207826e-003	2.040147e-001	3.085228e+000	1.010071e+002	1.873458e-001	-4.080001e-008	-2.083444e-003	3.327956e-005	2.050164e-003	1.414843e-003
1.115343971194816e-003	2.430590e-001	3.277312e+000	1.101594e+002	1.798491e-001	-4.701088e-008	-2.274086e-003	3.448010e-005	2.239606e-003	1.418250e-003
1.303473049410351e-003	3.283839e-001	3.634992e+000	1.278688e+002	1.702200e-001	-9.149646e-008	-2.643273e-003	5.040735e-005	2.592866e-003	1.422627e-003
1.579814768034397e-003	4.723524e-001	4.107851e+000	1.531064e+002	1.608512e-001	-2.285224e-007	-3.170181e-003	1.097063e-004	3.060475e-003	1.426886e-003
1.850217011924346e-003	6.307677e-001	4.512539e+000	1.766929e+002	1.547980e-001	-4.262917e-007	-3.663412e-003	2.022777e-004	3.461135e-003	1.429637e-003
2.167954215088284e-003	8.306338e-001	4.928041e+000	2.025129e+002	1.499106e-001	-6.974996e-007	-4.203934e-003	3.310256e-004	3.872908e-003	1.431859e-003
2.618419631193315e-003	1.119923e+000	5.431201e+000	2.348574e+002	1.450612e-001	-1.074442e-006	-4.881408e-003	5.094554e-004	4.371953e-003	1.434063e-003
3.338128257544714e-003	1.559716e+000	6.070987e+000	2.768230e+002	1.398844e-001	-1.591556e-006	-5.760681e-003	7.537486e-004	5.006933e-003	1.436416e-003
4.037357418727284e-003	1.921457e+000	6.526650e+000	3.070403e+002	1.366574e-001	-1.974894e-006	-6.393908e-003	9.345201e-004	5.459388e-003	1.437883e-003
4.379435433741849e-003	2.042738e+000	6.668787e+000	3.165215e+002	1.357373e-001	-2.097035e-006	-6.592611e-003	9.920436e-004	5.600567e-003	1.438301e-003
4.719388471062179e-003	2.103717e+000	6.738472e+000	3.211819e+002	1.353077e-001	-2.157433e-006	-6.690287e-003	1.020493e-003	5.669794e-003	1.438497e-003
5.142130981583096e-003	2.113861e+000	6.749955e+000	3.219507e+002	1.352379e-001	-2.167310e-006	-6.706398e-003	1.025195e-003	5.681203e-003	1.438528e-003
5.531404838792435e-003	2.050784e+000	6.678023e+000	3.171403e+002	1.356830e-001	-2.104855e-006	-6.605581e-003	9.958365e-004	5.609744e-003	1.438326e-003
6.163747530953136e-003	1.802119e+000	6.381470e+000	2.974134e+002	1.376881e-001	-1.852277e-006	-6.192169e-003	8.769382e-004	5.315231e-003	1.437414e-003
7.178770805090919e-003	1.218671e+000	5.581144e+000	2.449084e+002	1.441138e-001	-1.203892e-006	-5.092069e-003	5.711867e-004	4.520882e-003	1.434494e-003
8.044974096539651e-003	6.874794e-001	4.633523e+000	1.843876e+002	1.536264e-001	-5.103659e-007	-3.824555e-003	2.434268e-004	3.581128e-003	1.430170e-003
8.401906409257795e-003	4.818112e-001	4.137785e+000	1.546208e+002	1.604648e-001	-2.309919e-007	-3.201765e-003	1.116325e-004	3.090133e-003	1.427062e-003
8.695267695887243e-003	3.284355e-001	3.648866e+000	1.278925e+002	1.704911e-001	-6.800875e-008	-2.643481e-003	3.681024e-005	2.606670e-003	1.422504e-003
8.976191416218873e-003	2.049738e-001	3.118882e+000	1.012707e+002	1.879222e-001	9.333978e-009	-2.088336e-003	4.813573e-006	2.083522e-003	1.414581e-003
9.140374854271296e-003	1.449891e-001	2.786620e+000	8.533652e+001	2.082992e-001	2.464726e-008	-1.756381e-003	1.802769e-007	1.756200e-003	1.405319e-003
9.224963186460641e-003	1.177721e-001	2.610446e+000	7.700996e+001	2.335855e-001	2.686764e-008	-1.582968e-003	-2.573915e-008	1.582994e-003	1.393825e-003
9.280436357093323e-003	1.013485e-001	2.493804e+000	7.151103e+001	2.769077e-001	2.761960e-008	-1.468452e-003	-4.446040e-008	1.468496e-003	1.374133e-003
9.315033622510177e-003	9.169310e-002	2.420675e+000	6.806803e+001	3.455119e-001	2.799650e-008	-1.396752e-003	-4.840116e-008	1.396801e-003	1.342949e-003
9.353226369877954e-003	8.156968e-002	2.339649e+000	6.425713e+001	4.816326e-001	2.832924e-008	-1.317393e-003	-5.048091e-008	1.317444e-003	1.281076e-003
9.380063614442201e-003	7.479776e-002	2.282556e+000	6.157417e+001	6.094500e-001	2.857989e-008	-1.261524e-003	-5.146729e-008	1.261575e-003	1.222977e-003
9.455257022042477e-003	5.732910e-002	2.121667e+000	5.402993e+001	1.014957e+000	2.910323e-008	-1.104431e-003	-5.285542e-008	1.104484e-003	1.038656e-003
9.521330794345756e-003	4.384378e-002	1.979189e+000	4.737366e+001	1.360710e+000	2.949149e-008	-9.658397e-004	-5.364981e-008	9.658934e-004	8.814954e-004
9.614713276283410e-003	2.782097e-002	1.776082e+000	3.793664e+001	1.828741e+000	3.009472e-008	-7.693735e-004	-5.482969e-008	7.694283e-004	6.687542e-004
9.730666333937895e-003	1.294447e-002	1.518181e+000	2.618375e+001	2.361359e+000	3.117773e-008	-5.247992e-004	-5.694042e-008	5.248562e-004	4.266550e-004
9.910625773871282e-003	9.934270e-004	1.098062e+000	7.931148e+000	3.084778e+000	3.770891e-008	-1.453848e-004	-6.919571e-008	1.454540e-004	9.782800e-005
9.962976238692823e-003	9.726600e-005	9.411831e-001	3.079290e+000	3.238373e+000	5.824500e-008	-4.549164e-005	-1.070993e-007	4.559874e-005	2.801234e-005
9.995267296493728e-003	1.366689e-006	8.155264e-001	1.068972e+000	3.287133e+000	4.696866e-008	-5.392448e-006	-8.649603e-008	5.478944e-006	5.848693e-006
1.000922431816106e-002	2.405629e-008	7.972140e-001	8.308390e-001	3.294920e+000	-4.577307e-008	-7.154272e-007	8.420986e-008	6.312173e-007	2.309244e-006
1.001915767962381e-002	1.551548e-006	8.471233e-001	1.117165e+000	3.296401e+000	-1.244683e-007	-5.745579e-006	2.288935e-007	5.516685e-006	1.635839e-006
1.002741142986658e-002	1.373420e-005	9.117625e-001	1.715197e+000	3.296371e+000	-9.847484e-008	-1.709436e-005	1.809312e-007	1.691343e-005	1.649453e-006
1.003472170136676e-002	4.570108e-005	9.520202e-001	2.417609e+000	3.294943e+000	-5.506653e-008	-3.118274e-005	1.010915e-007	3.108165e-005	2.298673e-006
1.004247395219061e-002	1.036271e-004	9.793433e-001	3.186258e+000	3.290680e+000	-4.635310e-008	-4.695563e-005	8.504783e-008	4.687058e-005	4.236406e-006
1.005135206440759e-002	2.004506e-004	1.006261e+000	4.075655e+000	3.278915e+000	-4.200048e-008	-6.530625e-005	7.699677e-008	6.522925e-005	9.584185e-006
1.006910828884155e-002	4.922360e-004	1.055045e+000	5.864941e+000	3.239153e+000	-3.776069e-008	-1.023382e-004	6.914495e-008	1.022690e-004	2.765772e-005
1.008653612718824e-002	9.067221e-004	1.099676e+000	7.627765e+000	3.189419e+000	-3.579483e-008	-1.388955e-004	6.548988e-008	1.388300e-004	5.026419e-005
1.012139180388163e-002	2.118384e-003	1.184260e+000	1.116244e+001	3.078399e+000	-3.377605e-008	-2.123017e-004	6.170557e-008	2.122400e-004	1.007276e-004
1.015322872780072e-002	3.671519e-003	1.258837e+000	1.439510e+001	2.968020e+000	-3.283978e-008	-2.794949e-004	5.992427e-008	2.794350e-004	1.508998e-004
1.021155944519397e-002	7.623390e-003	1.391490e+000	2.032029e+001	2.743269e+000	-3.184369e-008	-4.027403e-004	5.798866e-008	4.026823e-004	2.530594e-004
1.030508046013794e-002	1.693245e-002	1.599660e+000	2.981003e+001	2.346618e+000	-3.099830e-008	-6.002206e-004	5.627042e-008	6.001643e-004	4.333556e-004
1.043430851913207e-002	3.575341e-002	1.881852e+000	4.287466e+001	1.751993e+000	-3.029796e-008	-8.721874e-004	5.491046e-008	8.721325e-004	7.036395e-004
1.063761062051748e-002	7.918249e-002	2.319457e+000	6.332419e+001	7.731334e-001	-2.968395e-008	-1.297973e-003	5.502650e-008	1.297918e-003	1.148576e-003
1.070165960279273e-002	9.629001e-002	2.455841e+000	6.972865e+001	4.684556e-001	-2.968904e-008	-1.431336e-003	5.780318e-008	1.431279e-003	1.287066e-003
1.074252328868547e-002	1.080180e-001	2.542179e+000	7.379417e+001	2.949800e-001	-2.966675e-008	-1.516000e-003	6.249930e-008	1.515937e-003	1.365918e-003
1.076020449654828e-002	1.132871e-001	2.579400e+000	7.554852e+001	2.494619e-001	-2.975266e-008	-1.552534e-003	6.681385e-008	1.552468e-003	1.386608e-003
1.078889102144077e-002	1.220858e-001	2.639639e+000	7.838943e+001	2.237635e-001	-2.985715e-008	-1.611698e-003	7.761229e-008	1.611620e-003	1.398289e-003
1.080239341609258e-002	1.263346e-001	2.667937e+000	7.972459e+001	2.185254e-001	-2.998445e-008	-1.639503e-003	8.525171e-008	1.639418e-003	1.400670e-003
1.082056951911156e-002	1.321575e-001	2.705931e+000	8.151839e+001	2.136370e-001	-3.023603e-008	-1.676861e-003	1.020304e-007	1.676759e-003	1.402892e-003
1.085692172514950e-002	1.441648e-001	2.781645e+000	8.509656e+001	2.059012e-001	-3.056425e-008	-1.751381e-003	1.687391e-007	1.751212e-003	1.406408e-003
1.091407174361984e-002	1.640136e-001	2.899916e+000	9.069878e+001	1.969149e-001	-3.155870e-008	-1.868061e-003	4.615346e-007	1.867599e-003	1.410493e-003
1.098792740777153e-002	1.913501e-001	3.049897e+000	9.788373e+001	1.888900e-001	-3.387876e-008	-2.017741e-003	2.391727e-006	2.015349e-003	1.414141e-003
1.113563873607492e-002	2.516709e-001	3.339221e+000	1.120983e+002	1.779009e-001	-4.418840e-008	-2.314023e-003	1.332318e-005	2.300699e-003	1.419136e-003
1.126862322888515e-002	3.120097e-001	3.586265e+000	1.246832e+002	1.709505e-001	-7.074762e-008	-2.576530e-003	3.188547e-005	2.544644e-003	1.422295e-003
1.146955822302766e-002	4.129809e-001	3.935308e+000	1.432554e+002	1.636593e-001	-1.548924e-007	-2.964258e-003	7.454373e-005	2.889715e-003	1.425609e-003
1.167712391482034e-002	5.284187e-001	4.265360e+000	1.618587e+002	1.581455e-001	-2.876218e-007	-3.353051e-003	1.367303e-004	3.216321e-003	1.428116e-003
1.190618681988255e-002	6.646294e-001	4.588757e+000	1.813303e+002	1.538235e-001	-4.717890e-007	-3.760459e-003	2.238151e-004	3.536644e-003	1.430080e-003
1.236431263000697e-002	9.568725e-001	5.157847e+000	2.172263e+002	1.476255e-001	-8.670860e-007	-4.512093e-003	4.112899e-004	4.100804e-003	1.432898e-003
1.284437905903793e-002	1.262654e+000	5.652272e+000	2.492601e+002	1.431495e-001	-1.248725e-006	-5.183144e-003	5.918359e-004	4.591309e-003	1.434932e-003
1.369674908725184e-002	1.761943e+000	6.332060e+000	2.941017e+002	1.379860e-001	-1.809824e-006	-6.122757e-003	8.566145e-004	5.266143e-003	1.437279e-003
1.412677011375361e-002	1.963796e+000	6.577018e+000	3.103836e+002	1.363093e-001	-2.017695e-006	-6.463969e-003	9.545634e-004	5.509406e-003	1.438041e-003
1.444651125264111e-002	2.059342e+000	6.687929e+000	3.177973e+002	1.356145e-001	-2.113547e-006	-6.619349e-003	9.997670e-004	5.619582e-003	1.438357e-003
1.480053600913731e-002	2.111205e+000	6.746943e+000	3.217496e+002	1.352570e-001	-2.164790e-006	-6.702183e-003	1.023973e-003	5.678210e-003	1.438520e-003
1.522578092651066e-002	2.104932e+000	6.739847e+000	3.212741e+002	1.352993e-001	-2.158498e-006	-6.692219e-003	1.021058e-003	5.671160e-003	1.438500e-003
1.566752433941049e-002	2.010295e+000	6.631216e+000	3.140135e+002	1.359784e-001	-2.064437e-006	-6.540049e-003	9.768006e-004	5.563248e-003	1.438192e-003
1.638387482154715e-002	1.684210e+000	6.232576e+000	2.875826e+002	1.388021e-001	-1.729016e-006	-5.986171e-003	8.187581e-004	5.167414e-003	1.436908e-003
1.752625503703187e-002	1.012684e+000	5.253222e+000	2.234186e+002	1.468193e-001	-9.395128e-007	-4.641816e-003	4.463643e-004	4.195452e-003	1.433264e-003
1.797929161366019e-002	7.324966e-001	4.728097e+000	1.902742e+002	1.524803e-001	-5.726428e-007	-3.947788e-003	2.729590e-004	3.674829e-003	1.430691e-003
1.848630289683663e-002	4.349956e-001	4.002930e+000	1.469882e+002	1.627495e-001	-1.750444e-007	-3.042240e-003	8.554131e-005	2.956699e-003	1.426023e-003
1.870810129720449e-002	3.225307e-001	3.629613e+000	1.267513e+002	1.708362e-001	-5.766838e-008	-2.619610e-003	3.199636e-005	2.587614e-003	1.422347e-003
1.900208385485061e-002	1.949692e-001	3.068136e+000	9.879459e+001	1.892574e-001	1.376083e-008	-2.036733e-003	3.296407e-006	2.033436e-003	1.413974e-003
1.911507886421038e-002	1.536940e-001	2.839481e+000	8.783134e+001	2.022931e-001	2.419677e-008	-1.808338e-003	1.746896e-007	1.808163e-003	1.408049e-003
1.919687737777236e-002	1.265431e-001	2.669377e+000	7.978959e+001	2.196635e-001	2.643149e-008	-1.640856e-003	-1.183430e-008	1.640867e-003	1.400153e-003
1.924271712863119e-002	1.124017e-001	2.573301e+000	7.525673e+001	2.383485e-001	2.716196e-008	-1.546456e-003	-3.754603e-008	1.546493e-003	1.391660e-003
1.927848902214552e-002	1.019104e-001	2.497960e+000	7.170625e+001	2.685660e-001	2.763353e-008	-1.472517e-003	-4.492207e-008	1.472562e-003	1.377924e-003
1.930725248328413e-002	9.382619e-002	2.437161e+000	6.884372e+001	3.226182e-001	2.793998e-008	-1.412906e-003	-4.794052e-008	1.412953e-003	1.353355e-003
1.934577151234181e-002	8.349998e-002	2.355474e+000	6.500130e+001	4.520899e-001	2.827990e-008	-1.332890e-003	-5.016864e-008	1.332940e-003	1.294505e-003
1.938090703269754e-002	7.458878e-002	2.280749e+000	6.148947e+001	6.143557e-001	2.852496e-008	-1.259760e-003	-5.136888e-008	1.259811e-003	1.220747e-003
1.942434554747752e-002	6.424058e-002	2.187986e+000	5.713621e+001	8.483974e-001	2.889264e-008	-1.169111e-003	-5.238640e-008	1.169164e-003	1.114365e-003
1.945318450143108e-002	5.778166e-002	2.126141e+000	5.423889e+001	1.004061e+000	2.903908e-008	-1.108782e-003	-5.274048e-008	1.108835e-003	1.043609e-003
1.951086240933818e-002	4.586336e-002	2.001850e+000	4.843005e+001	1.306991e+000	2.944097e-008	-9.878341e-004	-5.354992e-008	9.878877e-004	9.059132e-004
1.959948431996456e-002	3.018994e-002	1.809390e+000	3.947804e+001	1.754371e+000	2.998367e-008	-8.014607e-004	-5.461480e-008	8.015154e-004	7.025584e-004
1.970939332866167e-002	1.525288e-002	1.566420e+000	2.834113e+001	2.269188e+000	3.089727e-008	-5.696747e-004	-5.640013e-008	5.697311e-004	4.685509e-004
1.987908093513466e-002	2.103693e-003	1.178005e+000	1.112152e+001	2.978099e+000	3.456188e-008	-2.115642e-004	-6.336889e-008	2.116276e-004	1.463187e-004
1.994493930724437e-002	2.607887e-004	9.955009e-001	4.496511e+000	3.198004e+000	5.349476e-008	-7.448957e-005	-9.830582e-008	7.458788e-005	4.636178e-005
1.998097937545582e-002	7.782213e-006	8.634338e-001	1.468218e+000	3.275484e+000	5.408816e-008	-1.286775e-005	-9.952025e-008	1.296727e-005	1.114350e-005
1.999833546858143e-002	8.072934e-009	8.022016e-001	8.216805e-001	3.292597e+000	3.860825e-008	-4.144447e-007	-7.110145e-008	4.855461e-007	3.364889e-006
2.001038278424363e-002	1.396175e-008	7.931874e-001	8.188039e-001	3.296098e+000	-4.376017e-008	-5.450304e-007	8.048166e-008	4.645487e-007	1.773851e-006
2.001858071486717e-002	1.174977e-006	8.349769e-001	1.069975e+000	3.296873e+000	-1.215550e-007	-4.999951e-006	2.234812e-007	4.776470e-006	1.421335e-006
2.002785085215402e-002	1.521243e-005	9.125501e-001	1.758118e+000	3.296747e+000	-9.833052e-008	-1.799080e-005	1.805984e-007	1.781020e-005	1.478731e-006
2.003429167216649e-002	4.313511e-005	9.506495e-001	2.374500e+000	3.295616e+000	-5.566029e-008	-3.029469e-005	1.021517e-007	3.019254e-005	1.992863e-006
2.004136792867114e-002	9.383491e-005	9.758062e-001	3.075864e+000	3.292135e+000	-4.709515e-008	-4.468207e-005	8.641260e-008	4.459566e-005	3.574838e-006
2.005010267662862e-002	1.848740e-004	1.002567e+000	3.950291e+000	3.281399e+000	-4.236611e-008	-6.271753e-005	7.767129e-008	6.263986e-005	8.454993e-006
2.006757217254358e-002	4.617926e-004	1.051004e+000	5.709787e+000	3.243719e+000	-3.797382e-008	-9.912303e-005	6.954364e-008	9.905348e-005	2.558234e-005
2.008398893934043e-002	8.381659e-004	1.093325e+000	7.369773e+000	3.197446e+000	-3.589195e-008	-1.335414e-004	6.567706e-008	1.334758e-004	4.661564e-005
2.011682247293413e-002	1.930445e-003	1.173399e+000	1.069868e+001	3.093561e+000	-3.394324e-008	-2.026655e-004	6.202168e-008	2.026035e-004	9.383608e-005
2.014813194025766e-002	3.394169e-003	1.247050e+000	1.387741e+001	2.986402e+000	-3.289783e-008	-2.687310e-004	6.004066e-008	2.686710e-004	1.425447e-004
2.020071947573961e-002	6.780917e-003	1.367073e+000	1.921933e+001	2.786777e+000	-3.201087e-008	-3.798353e-004	5.831456e-008	3.797769e-004	2.332833e-004
2.028939365579883e-002	1.511468e-002	1.564833e+000	2.821798e+001	2.413858e+000	-3.110549e-008	-5.670881e-004	5.649457e-008	5.670317e-004	4.027920e-004
2.043824193513948e-002	3.642652e-002	1.890094e+000	4.326698e+001	1.731228e+000	-3.030623e-008	-8.803592e-004	5.496853e-008	8.803043e-004	7.130782e-004
2.064672903723594e-002	8.149984e-002	2.338666e+000	6.422964e+001	7.301517e-001	-2.974476e-008	-1.316829e-003	5.609022e-008	1.316773e-003	1.168113e-003
2.072702606121947e-002	1.034888e-001	2.509420e+000	7.225161e+001	3.638496e-001	-2.967105e-008	-1.483876e-003	6.082735e-008	1.483816e-003	1.334614e-003
2.076001123770736e-002	1.132272e-001	2.578981e+000	7.552880e+001	2.585454e-001	-2.982442e-008	-1.552124e-003	6.706999e-008	1.552057e-003	1.382479e-003
2.078444887072807e-002	1.207030e-001	2.630322e+000	7.794991e+001	2.260732e-001	-2.987942e-008	-1.602544e-003	7.545247e-008	1.602469e-003	1.397239e-003
2.080150095810438e-002	1.260511e-001	2.666063e+000	7.963619e+001	2.189440e-001	-3.000050e-008	-1.637662e-003	8.478492e-008	1.637578e-003	1.400480e-003
2.082203119567649e-002	1.326327e-001	2.708997e+000	8.166301e+001	2.132286e-001	-3.019279e-008	-1.679873e-003	1.017057e-007	1.679771e-003	1.403078e-003
2.084440180766417e-002	1.399805e-001	2.755659e+000	8.386720e+001	2.080100e-001	-3.037244e-008	-1.725778e-003	1.315279e-007	1.725646e-003	1.405450e-003
2.087879379777751e-002	1.516319e-001	2.827127e+000	8.724692e+001	2.018430e-001	-3.087597e-008	-1.796166e-003	2.185648e-007	1.795947e-003	1.408253e-003
2.092469843042400e-002	1.678367e-001	2.921792e+000	9.173804e+001	1.954834e-001	-3.175377e-008	-1.889708e-003	5.734047e-007	1.889134e-003	1.411144e-003
2.101650769571697e-002	2.024755e-001	3.107862e+000	1.006596e+002	1.862008e-001	-3.469947e-008	-2.075569e-003	3.100809e-006	2.072469e-003	1.415363e-003
2.112254226646174e-002	2.460026e-001	3.314141e+000	1.108414e+002	1.786267e-001	-4.363203e-008	-2.287815e-003	1.186775e-005	2.275947e-003	1.418806e-003
2.131619044170196e-002	3.348249e-001	3.670869e+000	1.291172e+002	1.691138e-001	-8.688520e-008	-2.669070e-003	4.080451e-005	2.628265e-003	1.423130e-003
2.149411653681207e-002	4.262282e-001	3.977489e+000	1.455145e+002	1.628187e-001	-1.661995e-007	-3.011426e-003	8.000220e-005	2.931424e-003	1.425992e-003
2.169442324049404e-002	5.384157e-001	4.291201e+000	1.633683e+002	1.577663e-001	-3.004592e-007	-3.384620e-003	1.427148e-004	3.241905e-003	1.428288e-003
2.194571662991561e-002	6.885726e-001	4.640294e+000	1.845372e+002	1.532197e-001	-5.055896e-007	-3.827595e-003	2.398745e-004	3.587720e-003	1.430355e-003
2.244830340875875e-002	1.010549e+000	5.250234e+000	2.231855e+002	1.467613e-001	-9.372978e-007	-4.636921e-003	4.444759e-004	4.192445e-003	1.433290e-003
2.297346037080525e-002	1.340869e+000	5.767365e+000	2.568069e+002	1.422152e-001	-1.341695e-006	-5.341266e-003	6.357305e-004	4.705536e-003	1.435357e-003
2.387479731819552e-002	1.845693e+000	6.435281e+000	3.009647e+002	1.372817e-001	-1.897421e-006	-6.266583e-003	8.979322e-004	5.368650e-003	1.437599e-003
2.425824463350148e-002	2.008517e+000	6.629262e+000	3.138756e+002	1.359799e-001	-2.062795e-006	-6.537156e-003	9.758532e-004	5.561303e-003	1.438191e-003
2.457087166329531e-002	2.085979e+000	6.718338e+000	3.198333e+002	1.354292e-001	-2.139946e-006	-6.662021e-003	1.012230e-003	5.649792e-003	1.438441e-003
2.489687695105903e-002	2.120707e+000	6.757675e+000	3.224684e+002	1.351927e-001	-2.174110e-006	-6.717249e-003	1.028376e-003	5.688874e-003	1.438549e-003
2.526165973992423e-002	2.103214e+000	6.737888e+000	3.211438e+002	1.353129e-001	-2.156800e-006	-6.689487e-003	1.020272e-003	5.669215e-003	1.438494e-003
2.572588030925957e-002	1.990588e+000	6.608236e+000	3.124802e+002	1.361269e-001	-2.044666e-006	-6.507914e-003	9.674903e-004	5.540424e-003	1.438124e-003
2.647802165526402e-002	1.629985e+000	6.161995e+000	2.829459e+002	1.393649e-001	-1.671697e-006	-5.889018e-003	7.916618e-004	5.097357e-003	1.436652e-003
2.767367684202017e-002	9.038777e-001	5.055116e+000	2.111673e+002	1.492338e-001	-8.126744e-007	-4.385367e-003	3.862084e-004	3.999158e-003	1.432166e-003
2.832302490978184e-002	5.242240e-001	4.247879e+000	1.612145e+002	1.589157e-001	-2.925439e-007	-3.339716e-003	1.405464e-004	3.199170e-003	1.427766e-003
2.861978791793774e-002	3.657824e-001	3.781652e+000	1.348990e+002	1.672887e-001	-1.014859e-007	-2.789732e-003	5.184240e-005	2.737889e-003	1.423960e-003
2.890497690460260e-002	2.336715e-001	3.256148e+000	1.080539e+002	1.842399e-001	-6.060529e-009	-2.229739e-003	1.071853e-005	2.219020e-003	1.416255e-003
2.917183722974524e-002	1.343837e-001	2.719599e+000	8.219307e+001	2.394022e-001	2.420922e-008	-1.690925e-003	4.381159e-007	1.690487e-003	1.391181e-003
2.930344310775809e-002	9.484504e-002	2.444875e+000	6.921101e+001	3.645825e-001	2.782561e-008	-1.420556e-003	-4.241991e-008	1.420599e-003	1.334281e-003
2.936352447870296e-002	7.892707e-002	2.317622e+000	6.322388e+001	5.446664e-001	2.841768e-008	-1.295878e-003	-5.056283e-008	1.295928e-003	1.252424e-003
2.942299582408101e-002	6.454791e-002	2.190830e+000	5.727034e+001	8.398635e-001	2.892305e-008	-1.171904e-003	-5.238698e-008	1.171957e-003	1.118244e-003
2.947423168692642e-002	5.328117e-002	2.080957e+000	5.212309e+001	1.116730e+000	2.916717e-008	-1.064726e-003	-5.301705e-008	1.064779e-003	9.923956e-004
2.952389166529620e-002	4.336081e-002	1.973754e+000	4.711750e+001	1.374980e+000	2.954028e-008	-9.605053e-004	-5.374554e-008	9.605590e-004	8.750092e-004
2.961170776573771e-002	2.828107e-002	1.782644e+000	3.824098e+001	1.813914e+000	3.007017e-008	-7.757093e-004	-5.478389e-008	7.757641e-004	6.754936e-004
2.973326442496669e-002	1.267590e-002	1.511832e+000	2.592018e+001	2.370198e+000	3.126678e-008	-5.193266e-004	-5.710890e-008	5.193837e-004	4.226372e-004
2.991993622524090e-002	7.775942e-004	1.041192e+000	7.086597e+000	3.100473e+000	5.210171e-008	-1.286256e-004	-9.571028e-008	1.287214e-004	9.069400e-005
2.998347231688530e-002	2.899891e-006	8.265572e-001	1.195739e+000	3.279328e+000	5.596866e-008	-7.854922e-006	-1.029288e-007	7.957851e-006	9.396478e-006
2.999247844782750e-002	1.340578e-010	7.986202e-001	8.011303e-001	3.290387e+000	4.599892e-008	-5.340672e-008	-8.464566e-008	1.380524e-007	4.369579e-006
3.001049070971192e-002	3.111252e-008	7.924551e-001	8.306950e-001	3.295670e+000	-7.450803e-008	-8.136142e-007	1.371114e-007	6.765029e-007	1.968379e-006
3.001907443225056e-002	1.500191e-006	8.387144e-001	1.104250e+000	3.296759e+000	-1.313810e-007	-5.649687e-006	2.416484e-007	5.408038e-006	1.473318e-006
3.002849812820660e-002	1.744462e-005	9.156127e-001	1.821094e+000	3.296476e+000	-9.501134e-008	-1.926557e-005	1.746183e-007	1.909095e-005	1.601794e-006
3.003653567977377e-002	5.709556e-005	9.587404e-001	2.596877e+000	3.294540e+000	-5.220692e-008	-3.485397e-005	9.592305e-008	3.475804e-005	2.481733e-006
3.004474020589058e-002	1.252229e-004	9.865634e-001	3.412564e+000	3.289089e+000	-4.503112e-008	-5.161702e-005	8.265069e-008	5.153437e-005	4.959441e-006
3.005383468106390e-002	2.333218e-004	1.013485e+000	4.324999e+000	3.275348e+000	-4.055921e-008	-7.045775e-005	7.433258e-008	7.038341e-005	1.120565e-005
3.007202363141054e-002	5.527025e-004	1.062694e+000	6.159459e+000	3.231554e+000	-3.735641e-008	-1.084418e-004	6.839036e-008	1.083734e-004	3.111179e-005
3.009055056892540e-002	1.020193e-003	1.109743e+000	8.034267e+000	3.177407e+000	-3.524930e-008	-1.473303e-004	6.447713e-008	1.472658e-004	5.572406e-005
3.012227821801450e-002	2.155776e-003	1.186428e+000	1.125229e+001	3.075743e+000	-3.374247e-008	-2.141672e-004	6.164391e-008	2.141055e-004	1.019348e-004
3.015569830221151e-002	3.809870e-003	1.264502e+000	1.464598e+001	2.958951e+000	-3.268017e-008	-2.847123e-004	5.962866e-008	2.846526e-004	1.550225e-004
3.021740801110890e-002	8.098512e-003	1.404695e+000	2.091444e+001	2.720094e+000	-3.181628e-008	-4.151009e-004	5.792815e-008	4.150430e-004	2.635937e-004
3.030478157665018e-002	1.689415e-002	1.598837e+000	2.977729e+001	2.346443e+000	-3.097723e-008	-5.995415e-004	5.623339e-008	5.994852e-004	4.334348e-004
3.047332333567115e-002	4.277657e-002	1.966050e+000	4.680463e+001	1.564788e+000	-3.017622e-008	-9.540124e-004	5.483242e-008	9.539576e-004	7.887330e-004
3.066467110148067e-002	8.619916e-002	2.376996e+000	6.602730e+001	6.433221e-001	-2.975993e-008	-1.354262e-003	5.666072e-008	1.354205e-003	1.207581e-003
3.072908900558383e-002	1.040875e-001	2.513792e+000	7.245744e+001	3.552059e-001	-2.964755e-008	-1.488163e-003	6.120796e-008	1.488102e-003	1.338543e-003
3.076248138241846e-002	1.139717e-001	2.584166e+000	7.577345e+001	2.557903e-001	-2.984881e-008	-1.557219e-003	6.847369e-008	1.557150e-003	1.383732e-003
3.079001617454356e-002	1.224367e-001	2.641994e+000	7.850057e+001	2.236557e-001	-2.984271e-008	-1.614012e-003	7.888090e-008	1.613933e-003	1.398338e-003
3.080691845607746e-002	1.277728e-001	2.677402e+000	8.017142e+001	2.173247e-001	-3.000994e-008	-1.648809e-003	8.942457e-008	1.648719e-003	1.401216e-003
3.082742252583454e-002	1.343863e-001	2.720249e+000	8.219450e+001	2.119466e-001	-3.029890e-008	-1.690942e-003	1.096062e-007	1.690832e-003	1.403661e-003
3.085568369737625e-002	1.437548e-001	2.779132e+000	8.497691e+001	2.058323e-001	-3.049552e-008	-1.748889e-003	1.565368e-007	1.748732e-003	1.406440e-003
3.089380399816508e-002	1.568499e-001	2.858189e+000	8.871821e+001	1.995351e-001	-3.114793e-008	-1.826809e-003	2.931819e-007	1.826516e-003	1.409302e-003
3.095064259273048e-002	1.773203e-001	2.974745e+000	9.426578e+001	1.925200e-001	-3.243136e-008	-1.942362e-003	1.071156e-006	1.941291e-003	1.412491e-003
3.106431978186128e-002	2.216504e-001	3.201955e+000	1.052684e+002	1.825056e-001	-3.737475e-008	-2.171627e-003	6.368524e-006	2.165259e-003	1.417043e-003
3.118666800167337e-002	2.741930e-001	3.435738e+000	1.169570e+002	1.748744e-001	-5.167761e-008	-2.415345e-003	1.937856e-005	2.395967e-003	1.420512e-003
3.135571662239068e-002	3.544930e-001	3.742275e+000	1.328204e+002	1.673955e-001	-9.856340e-008	-2.746344e-003	4.752670e-005	2.698817e-003	1.423911e-003
3.151874569105111e-002	4.396384e-001	4.019029e+000	1.477654e+002	1.620427e-001	-1.789032e-007	-3.058432e-003	8.592284e-005	2.972509e-003	1.426344e-003
3.171158166579230e-002	5.481236e-001	4.315350e+000	1.648202e+002	1.574440e-001	-3.142085e-007	-3.414997e-003	1.491710e-004	3.265826e-003	1.428435e-003
3.203452319858672e-002	7.443375e-001	4.756721e+000	1.917964e+002	1.518663e-001	-5.826788e-007	-3.979569e-003	2.764630e-004	3.703106e-003	1.430970e-003
3.247618571544713e-002	1.028038e+000	5.280217e+000	2.250932e+002	1.464550e-001	-9.588246e-007	-4.676873e-003	4.546950e-004	4.222178e-003	1.433430e-003
3.310913264966035e-002	1.419129e+000	5.878560e+000	2.641402e+002	1.413647e-001	-1.433316e-006	-5.494928e-003	6.790116e-004	4.815917e-003	1.435743e-003
3.399783244898454e-002	1.899459e+000	6.500263e+000	3.052888e+002	1.368442e-001	-1.952721e-006	-6.357202e-003	9.240151e-004	5.433187e-003	1.437798e-003
3.434987550710803e-002	2.034873e+000	6.659757e+000	3.159154e+002	1.357909e-001	-2.089186e-006	-6.579906e-003	9.883096e-004	5.591597e-003	1.438277e-003
3.468377897104281e-002	2.101663e+000	6.736152e+000	3.210261e+002	1.353211e-001	-2.155415e-006	-6.687020e-003	1.019531e-003	5.667489e-003	1.438490e-003
3.504544392136651e-002	2.122532e+000	6.759738e+000	3.226062e+002	1.351797e-001	-2.175861e-006	-6.720137e-003	1.029215e-003	5.690923e-003	1.438555e-003
3.537399620931514e-002	2.087624e+000	6.720168e+000	3.199586e+002	1.354221e-001	-2.141396e-006	-6.664647e-003	1.013036e-003	5.651611e-003	1.438444e-003
3.590844466399054e-002	1.920329e+000	6.525145e+000	3.069506e+002	1.366853e-001	-1.973641e-006	-6.392031e-003	9.341286e-004	5.457902e-003	1.437870e-003
3.677152016607929e-002	1.449543e+000	5.914926e+000	2.669293e+002	1.415657e-001	-1.479769e-006	-5.553497e-003	7.012754e-004	4.852222e-003	1.435652e-003
3.812802231577314e-002	6.396344e-001	4.534451e+000	1.779208e+002	1.545302e-001	-4.446269e-007	-3.689071e-003	2.062126e-004	3.482858e-003	1.429759e-003
3.826976866800482e-002	5.597849e-001	4.347904e+000	1.665511e+002	1.569273e-001	-3.287697e-007	-3.451133e-003	1.530901e-004	3.298043e-003	1.428669e-003
3.855326137246818e-002	4.003566e-001	3.899049e+000	1.410732e+002	1.645658e-001	-1.305287e-007	-2.918600e-003	6.469269e-005	2.853907e-003	1.425197e-003
3.879429506676361e-002	2.821589e-001	3.470352e+000	1.186288e+002	1.754666e-001	-2.953275e-008	-2.450180e-003	1.984078e-005	2.430339e-003	1.420242e-003
3.907292294303834e-002	1.684480e-001	2.924069e+000	9.190192e+001	1.985073e-001	1.960898e-008	-1.893146e-003	1.588778e-006	1.891557e-003	1.409769e-003
3.918936610894970e-002	1.289042e-001	2.684806e+000	8.052114e+001	2.213591e-001	2.613278e-008	-1.656092e-003	1.751627e-008	1.656075e-003	1.399382e-003
3.926500505889233e-002	1.057972e-001	2.526288e+000	7.304203e+001	2.628392e-001	2.744501e-008	-1.500335e-003	-4.036818e-008	1.500375e-003	1.380528e-003
3.930772871026737e-002	9.369284e-002	2.436130e+000	6.879548e+001	3.291970e-001	2.793352e-008	-1.411901e-003	-4.765291e-008	1.411949e-003	1.350365e-003
3.934435144656669e-002	8.387026e-002	2.358489e+000	6.514306e+001	4.469190e-001	2.827366e-008	-1.335842e-003	-5.005893e-008	1.335892e-003	1.296855e-003
3.938234055405004e-002	7.423511e-002	2.277690e+000	6.134587e+001	6.226660e-001	2.857866e-008	-1.256770e-003	-5.145282e-008	1.256821e-003	1.216970e-003
3.942546311225727e-002	6.398442e-002	2.185598e+000	5.702416e+001	8.547689e-001	2.889803e-008	-1.166778e-003	-5.239330e-008	1.166830e-003	1.111469e-003
3.950516966923175e-002	4.697943e-002	2.014137e+000	4.900385e+001	1.277395e+000	2.940689e-008	-9.997812e-004	-5.348052e-008	9.998346e-004	9.193660e-004
3.959902065793159e-002	3.026301e-002	1.810388e+000	3.952460e+001	1.751941e+000	2.999324e-008	-8.024300e-004	-5.463154e-008	8.024846e-004	7.036632e-004
3.970579860620476e-002	1.566201e-002	1.574460e+000	2.870589e+001	2.253126e+000	3.086490e-008	-5.772645e-004	-5.633717e-008	5.773208e-004	4.758517e-004
3.987717220806696e-002	2.183151e-003	1.183616e+000	1.131318e+001	2.974015e+000	3.425595e-008	-2.155227e-004	-6.280442e-008	2.155855e-004	1.481751e-004
3.993725465806332e-002	3.788615e-004	1.027003e+000	5.246776e+000	3.178809e+000	4.406123e-008	-8.978241e-005	-8.093753e-008	8.986335e-005	5.508678e-005
3.997640315298442e-002	4.217171e-006	9.000342e-001	1.345239e+000	3.277528e+000	7.760165e-008	-9.472436e-006	-1.426647e-007	9.615101e-006	1.021441e-005
3.997752652223439e-002	2.559917e-006	8.936581e-001	1.240524e+000	3.279488e+000	9.144192e-008	-7.380130e-006	-1.681485e-007	7.548278e-006	9.323468e-006
3.997977326073435e-002	8.518673e-007	8.741787e-001	1.074273e+000	3.282183e+000	1.270158e-007	-4.257327e-006	-2.336764e-007	4.491003e-006	8.098417e-006
3.998426673773426e-002	3.856076e-008	8.333294e-001	8.759012e-001	3.286628e+000	1.228022e-007	-9.057822e-007	-2.260599e-007	1.131842e-006	6.077960e-006
3.998861167074369e-002	3.563497e-012	8.045492e-001	8.049584e-001	3.289800e+000	7.230492e-008	-8.707480e-009	-1.331902e-007	1.418977e-007	4.636396e-006
3.999372798243288e-002	2.621851e-019	7.871007e-001	7.871008e-001	3.292282e+000	3.231340e-008	-2.199368e-012	-5.958110e-008	5.958330e-008	3.508232e-006
3.999967123300078e-002	0.000000e+000	7.764444e-001	7.764444e-001	3.294160e+000	2.092771e-008	7.957928e-013	-3.863125e-008	3.863045e-008	2.654554e-006
4.000673248101937e-002	2.821339e-015	7.677643e-001	7.677758e-001	3.295619e+000	1.474463e-008	-2.452550e-010	-2.724211e-008	2.748737e-008	1.991543e-006
4.001326424973190e-002	1.543657e-008	7.779449e-001	8.048804e-001	3.296527e+000	-7.292692e-008	-5.730946e-007	1.341976e-007	4.388970e-007	1.578600e-006
4.001867298698719e-002	6.113287e-007	8.244405e-001	9.939470e-001	3.296990e+000	-1.862001e-007	-3.606521e-006	3.425007e-007	3.264020e-006	1.368342e-006
4.002403499463458e-002	5.304015e-006	8.907686e-001	1.390057e+000	3.297131e+000	-1.473950e-007	-1.062315e-005	2.709089e-007	1.035224e-005	1.304028e-006
4.002794645677674e-002	1.469604e-005	9.236053e-001	1.754697e+000	3.296934e+000	-7.484852e-008	-1.768281e-005	1.375103e-007	1.754530e-005	1.393841e-006
4.003238932617565e-002	3.285661e-005	9.437646e-001	2.186448e+000	3.296247e+000	-5.743002e-008	-2.644006e-005	1.055233e-007	2.633454e-005	1.706138e-006
4.003779521748210e-002	6.567034e-005	9.637076e-001	2.720553e+000	3.294166e+000	-5.144197e-008	-3.737969e-005	9.444678e-008	3.728524e-005	2.651700e-006
4.004779229185083e-002	1.578231e-004	9.954864e-001	3.719029e+000	3.284296e+000	-4.323775e-008	-5.794772e-005	7.928281e-008	5.786844e-005	7.138189e-006
4.006320367091357e-002	3.806419e-004	1.039288e+000	5.268965e+000	3.254785e+000	-3.886343e-008	-8.999313e-005	7.119881e-008	8.992193e-005	2.055251e-005
4.008015102295667e-002	7.400895e-004	1.083585e+000	6.981399e+000	3.208751e+000	-3.616985e-008	-1.254854e-004	6.619697e-008	1.254192e-004	4.147667e-005
4.010942375000018e-002	1.644799e-003	1.155647e+000	9.948006e+000	3.117557e+000	-3.432855e-008	-1.870715e-004	6.274597e-008	1.870087e-004	8.292872e-005
4.014252501771255e-002	3.101718e-003	1.234014e+000	1.330798e+001	3.006338e+000	-3.303234e-008	-2.568930e-004	6.030017e-008	2.568327e-004	1.334827e-004
4.018653187264930e-002	5.752725e-003	1.334991e+000	1.777817e+001	2.842746e+000	-3.226620e-008	-3.498548e-004	5.881016e-008	3.497960e-004	2.078429e-004
4.026968011439722e-002	1.297844e-002	1.521180e+000	2.621909e+001	2.499464e+000	-3.125647e-008	-5.254874e-004	5.680803e-008	5.254305e-004	3.638800e-004
4.040422875718067e-002	3.075620e-002	1.816350e+000	3.983663e+001	1.891579e+000	-3.046195e-008	-8.089421e-004	5.517339e-008	8.088869e-004	6.401912e-004
4.059931275747649e-002	6.973305e-002	2.237638e+000	5.948669e+001	9.598402e-001	-2.980660e-008	-1.218065e-003	5.459033e-008	1.218010e-003	1.063709e-003
4.068508829286972e-002	9.171428e-002	2.420704e+000	6.807565e+001	5.458773e-001	-2.961537e-008	-1.396914e-003	5.672721e-008	1.396857e-003	1.251874e-003
4.073264498909948e-002	1.051245e-001	2.521343e+000	7.281253e+001	3.323304e-001	-2.982502e-008	-1.495557e-003	6.149915e-008	1.495496e-003	1.348941e-003
4.075633139633372e-002	1.121230e-001	2.571254e+000	7.516452e+001	2.581162e-001	-2.976521e-008	-1.544537e-003	6.603345e-008	1.544471e-003	1.382674e-003
4.077748268167684e-002	1.185502e-001	2.615709e+000	7.726060e+001	2.292821e-001	-2.996852e-008	-1.588189e-003	7.314107e-008	1.588116e-003	1.395781e-003
4.079279206243040e-002	1.233068e-001	2.647822e+000	7.877547e+001	2.219087e-001	-3.001551e-008	-1.619737e-003	8.039260e-008	1.619657e-003	1.399132e-003
4.081066027894682e-002	1.289683e-001	2.685230e+000	8.054092e+001	2.163243e-001	-3.005678e-008	-1.656504e-003	9.256314e-008	1.656412e-003	1.401671e-003
4.083090429179846e-002	1.355243e-001	2.727511e+000	8.253756e+001	2.110505e-001	-3.036389e-008	-1.698086e-003	1.147919e-007	1.697971e-003	1.404068e-003
4.086481581412123e-002	1.468425e-001	2.798097e+000	8.587395e+001	2.042905e-001	-3.062991e-008	-1.767571e-003	1.825726e-007	1.767389e-003	1.407141e-003
4.090961601197443e-002	1.624240e-001	2.890708e+000	9.026305e+001	1.975104e-001	-3.151153e-008	-1.858986e-003	4.523110e-007	1.858534e-003	1.410223e-003
4.099921640768083e-002	1.957204e-001	3.073079e+000	9.898376e+001	1.877936e-001	-3.401181e-008	-2.040653e-003	2.466168e-006	2.038187e-003	1.414639e-003
4.110526413651517e-002	2.386800e-001	3.281261e+000	1.091961e+002	1.796680e-001	-4.108329e-008	-2.253508e-003	1.001358e-005	2.243494e-003	1.418333e-003
4.126566728831801e-002	3.106192e-001	3.580844e+000	1.244076e+002	1.711296e-001	-6.956496e-008	-2.570782e-003	3.148917e-005	2.539293e-003	1.422214e-003
4.143021620034009e-002	3.924482e-001	3.870479e+000	1.396831e+002	1.648016e-001	-1.322932e-007	-2.889630e-003	6.404956e-005	2.825580e-003	1.425090e-003
4.163019674093692e-002	5.015548e-001	4.194515e+000	1.577298e+002	1.592076e-001	-2.532249e-007	-3.266708e-003	1.205235e-004	3.146184e-003	1.427633e-003
4.183809369024030e-002	6.232530e-001	4.495970e+000	1.756476e+002	1.549861e-001	-4.148587e-007	-3.641525e-003	1.968094e-004	3.444715e-003	1.429552e-003
4.225388758884706e-002	8.851502e-001	5.029165e+000	2.089950e+002	1.489119e-001	-7.725392e-007	-4.339699e-003	3.665057e-004	3.973193e-003	1.432313e-003
4.270958611612577e-002	1.178059e+000	5.523113e+000	2.408288e+002	1.442470e-001	-1.146182e-006	-5.006504e-003	5.433598e-004	4.463145e-003	1.434433e-003
4.349326930684054e-002	1.649205e+000	6.188792e+000	2.845997e+002	1.390024e-001	-1.689493e-006	-5.923637e-003	7.997507e-004	5.123886e-003	1.436817e-003
4.408507433713037e-002	1.943343e+000	6.553067e+000	3.087733e+002	1.364516e-001	-1.997042e-006	-6.430219e-003	9.446069e-004	5.485612e-003	1.437976e-003
4.441519724900449e-002	2.051804e+000	6.679414e+000	3.172189e+002	1.356573e-001	-2.106037e-006	-6.607223e-003	9.961043e-004	5.611119e-003	1.438337e-003
4.476259509176245e-002	2.107135e+000	6.742345e+000	3.214412e+002	1.352843e-001	-2.160788e-006	-6.695720e-003	1.022077e-003	5.673643e-003	1.438507e-003
4.521162274122663e-002	2.105544e+000	6.740541e+000	3.213205e+002	1.352949e-001	-2.159103e-006	-6.693191e-003	1.021341e-003	5.671850e-003	1.438502e-003
4.564449130024080e-002	2.017692e+000	6.639808e+000	3.145871e+002	1.359237e-001	-2.071840e-006	-6.552069e-003	9.802860e-004	5.571783e-003	1.438217e-003
4.634667598154217e-002	1.705048e+000	6.259338e+000	2.893446e+002	1.385974e-001	-1.750942e-006	-6.023090e-003	8.291116e-004	5.193979e-003	1.437001e-003
4.746780074596019e-002	1.041446e+000	5.299052e+000	2.265409e+002	1.465709e-001	-9.818901e-007	-4.707273e-003	4.662870e-004	4.240986e-003	1.433377e-003
4.809397002902069e-002	6.604088e-001	4.575344e+000	1.807548e+002	1.542888e-001	-4.715835e-007	-3.748500e-003	2.250431e-004	3.523457e-003	1.429869e-003
4.845224788419170e-002	4.540106e-001	4.059546e+000	1.501366e+002	1.617532e-001	-1.962440e-007	-3.108022e-003	9.531691e-005	3.012705e-003	1.426476e-003
4.872283826373424e-002	3.154413e-001	3.602457e+000	1.253635e+002	1.713384e-001	-5.293153e-008	-2.590660e-003	2.988960e-005	2.560770e-003	1.422119e-003
4.896589174386968e-002	2.092402e-001	3.141935e+000	1.023099e+002	1.856214e-001	1.126911e-008	-2.109957e-003	3.801924e-006	2.106155e-003	1.415627e-003
4.908719647700219e-002	1.635132e-001	2.897122e+000	9.056194e+001	1.978402e-001	2.312824e-008	-1.865209e-003	3.194552e-007	1.864889e-003	1.410073e-003
4.916765036056203e-002	1.359738e-001	2.730440e+000	8.267271e+001	2.115861e-001	2.586728e-008	-1.700900e-003	1.720132e-008	1.700882e-003	1.403825e-003
4.921994026757401e-002	1.193341e-001	2.621133e+000	7.751241e+001	2.270847e-001	2.681609e-008	-1.593431e-003	-2.910228e-008	1.593460e-003	1.396780e-003
4.925870625062057e-002	1.076531e-001	2.539666e+000	7.367121e+001	2.487035e-001	2.741960e-008	-1.513437e-003	-4.153154e-008	1.513479e-003	1.386953e-003
4.928981479138556e-002	9.869007e-002	2.474049e+000	7.058009e+001	2.843997e-001	2.773950e-008	-1.449065e-003	-4.625255e-008	1.449111e-003	1.370727e-003
4.931829405393999e-002	9.080833e-002	2.413787e+000	6.774365e+001	3.501021e-001	2.801333e-008	-1.389997e-003	-4.868120e-008	1.390046e-003	1.340863e-003
4.935176822028795e-002	8.194690e-002	2.342762e+000	6.440325e+001	4.730963e-001	2.827299e-008	-1.320436e-003	-5.037194e-008	1.320486e-003	1.284956e-003
4.937427859265019e-002	7.623440e-002	2.294885e+000	6.215319e+001	5.796002e-001	2.855255e-008	-1.273581e-003	-5.134239e-008	1.273632e-003	1.236545e-003
4.944702010527738e-002	5.913355e-002	2.139361e+000	5.485821e+001	9.710481e-001	2.910421e-008	-1.121678e-003	-5.283678e-008	1.121731e-003	1.058614e-003
4.950571790695137e-002	4.686866e-002	2.012883e+000	4.894716e+001	1.279479e+000	2.936994e-008	-9.986018e-004	-5.341198e-008	9.986552e-004	9.184185e-004
4.961294617044576e-002	2.808965e-002	1.779956e+000	3.811470e+001	1.820222e+000	3.008050e-008	-7.730796e-004	-5.479071e-008	7.731344e-004	6.726264e-004
4.971819393759166e-002	1.427538e-002	1.546604e+000	2.744917e+001	2.308709e+000	3.100016e-008	-5.511184e-004	-5.657757e-008	5.511749e-004	4.505870e-004
4.989695469554750e-002	1.416936e-003	1.140142e+000	9.300778e+000	3.060502e+000	2.208944e-008	-1.736306e-004	-4.054903e-008	1.736711e-004	1.088629e-004
4.990983535860406e-002	1.008793e-003	1.109106e+000	7.994836e+000	3.106777e+000	2.633819e-008	-1.465049e-004	-4.835879e-008	1.465533e-004	8.782864e-005
4.993559668471718e-002	4.028401e-004	1.041436e+000	5.392698e+000	3.183028e+000	3.886935e-008	-9.258006e-005	-7.136800e-008	9.265143e-005	5.316891e-005
4.995964612906247e-002	8.837379e-005	9.619112e-001	2.999942e+000	3.242548e+000	5.766580e-008	-4.336235e-005	-1.059726e-007	4.346832e-005	2.611446e-005
4.998005618496204e-002	6.912334e-006	8.754695e-001	1.445452e+000	3.276630e+000	6.536608e-008	-1.212728e-005	-1.202699e-007	1.224755e-005	1.062272e-005
5.000000000000000e-002	0.000000e+000	7.885073e-001	7.885073e-001	3.294487e+000	5.931512e-008	8.085073e-013	-1.092500e-007	3.705160e-008	2.506001e-006
