t,s,l,time,newtime
0,0,0,387,472

0,1,1,398,568

0,2,2,414,606

0,3,3,437,606

0,4,4,451,609

0,5,5,466,632

0,6,6,481,632

0,8,7,513,639

0,9,8,528,672

0,10,9,547,672

0,11,10,567,743

0,12,11,587,814

0,13,12,605,833

0,14,13,630,874

0,15,14,640,890

0,16,15,654,899

0,17,16,670,899

0,18,17,683,901

0,19,18,704,901

0,20,19,720,920

0,21,20,730,921

0,22,21,743,931

0,23,22,764,941

0,24,23,780,942

0,25,24,796,942

0,26,25,814,949

0,27,26,831,949

0,29,27,856,949

0,30,28,867,955

0,31,29,878,964

0,32,30,889,965

0,33,31,900,968

0,34,32,915,968

0,35,33,924,973

0,37,34,946,18

0,38,35,962,56

0,39,36,971,83

0,41,37,996,85

0,42,38,18,99

0,43,39,34,99

0,44,40,49,129

0,45,41,70,130

0,46,42,82,135

0,47,43,96,152

0,48,44,121,177

0,49,45,132,198

0,50,46,147,237

0,51,47,166,256

0,52,48,176,301

0,53,49,198,305

0,54,50,212,306

0,55,51,230,309

0,56,52,243,363

0,57,53,256,372

0,58,54,274,377

0,59,55,289,378

0,60,56,301,444

0,61,57,311,450

0,62,58,325,450

0,63,59,340,456

0,64,60,353,456

0,65,61,364,482

0,66,62,377,484

0,67,63,407,485

0,68,64,420,485

0,69,65,437,485

0,70,66,450,566

0,71,67,462,669

0,72,68,472,669

0,74,69,504,669

0,75,70,566,737

0,76,71,604,884

0,79,72,688,922

0,80,73,735,934

0,81,74,737,940

0,83,75,879,974

0,90,76,968,69

0,91,77,984,102

0,92,78,993,141

0,93,79,4,142

0,94,80,19,143

0,95,81,46,143

0,96,82,61,144

0,97,83,74,144

0,98,84,83,176

0,99,85,100,205

0,101,86,141,230

{"t":":0","s":" "}
0,106,88,226,256

0,107,89,241,299

0,108,90,256,361

0,109,91,266,362

0,110,92,283,418

0,111,93,296,466

0,113,94,338,479

{"t":":0","s":" "}
0,117,96,422,494

0,119,97,461,500

0,120,98,466,524

0,122,99,487,540

0,123,100,500,562

0,125,101,528,571

0,126,102,540,580

0,128,103,562,583

0,129,104,575,597

0,130,105,582,606

0,131,106,597,620

0,132,107,608,639

0,133,108,620,649

0,134,109,632,665

0,135,110,649,696

0,136,111,664,730

0,137,112,679,777

0,140,113,723,792

0,141,114,737,807

0,143,115,757,837

0,144,116,776,846

0,145,117,791,859

0,146,118,802,865

0,147,119,816,876

0,148,120,831,889

0,149,121,842,931

0,150,122,859,937

0,151,123,875,956

0,152,124,889,962

0,153,125,900,962

0,154,126,915,975

0,155,127,931,979

0,156,128,954,7

0,157,129,963,30

0,158,130,975,38

0,159,131,987,38

0,160,132,998,65

0,161,133,8,93

0,162,134,21,107

0,163,135,37,109

0,164,136,64,143

0,165,137,88,152

0,166,138,105,153

0,167,139,114,163

0,168,140,137,166

0,169,141,147,177

0,170,142,162,207

0,171,143,172,225

0,172,144,188,233

0,173,145,199,259

0,174,146,208,277

0,175,147,224,284

0,176,148,234,284

0,177,149,255,300

0,178,150,277,310

0,179,151,291,327

0,180,152,301,342

0,181,153,310,349

0,182,154,327,349

0,183,155,342,371

0,184,156,355,391

0,185,157,370,413

0,186,158,391,437

0,187,159,413,445

0,188,160,429,454

0,189,161,438,458

0,190,162,453,476

0,191,163,468,486

0,192,164,485,506

0,193,165,500,533

0,194,166,509,541

0,195,167,533,580

0,197,168,566,633

0,198,169,579,656

0,199,170,598,656

0,200,171,633,683

0,202,172,666,688

0,203,173,676,696

0,204,174,686,707

0,205,175,696,717

0,206,176,707,734

0,207,177,717,743

0,208,178,734,767

0,209,179,744,789

0,210,180,766,793

0,211,181,776,800

0,212,182,789,813

0,213,183,799,827

0,214,184,813,847

0,216,185,847,874

0,217,186,861,890

0,218,187,874,904

0,219,188,888,912

0,220,189,904,928

0,221,190,913,940

0,222,191,928,974

0,223,192,939,981

0,224,193,965,17

0,225,194,978,44

0,227,195,2,74

0,228,196,17,90

0,229,197,29,90

0,230,198,44,102

0,231,199,60,128

0,232,200,74,140

0,233,201,89,157

0,234,202,100,160

0,235,203,121,171

0,236,204,138,201

0,237,205,154,219

0,238,206,171,223

0,239,207,196,257

0,240,208,217,278

0,241,209,232,282

0,242,210,251,290

0,243,211,269,306

0,244,212,278,330

0,245,213,290,341

0,246,214,305,344

0,247,215,320,356

0,248,216,330,366

0,249,217,340,387

0,250,218,356,401

0,251,219,366,411

0,252,220,386,457

0,253,221,397,467

0,254,222,411,474

0,255,223,431,481

0,256,224,450,482

0,257,225,467,489

0,258,226,481,515

0,259,227,490,550

0,260,228,501,559

0,261,229,514,567

0,262,230,526,574

0,263,231,541,574

0,264,232,559,603

0,265,233,568,610

0,266,234,588,625

0,267,235,598,641

0,268,236,610,665

0,269,237,624,668

0,270,238,638,683

0,271,239,654,688

0,272,240,665,701

0,273,241,681,719

0,274,242,690,733

0,275,243,701,751

0,276,244,712,757

0,277,245,723,773

0,278,246,733,776

0,279,247,750,791

0,281,248,773,794

0,282,249,791,831

0,283,250,806,863

0,284,251,821,872

0,285,252,831,879

0,286,253,847,879

0,287,254,862,894

0,288,255,872,907

0,289,256,888,926

0,290,257,903,937

0,291,258,915,943

0,292,259,926,950

0,293,260,937,957

0,294,261,949,976

0,295,262,958,984

0,296,263,968,998

0,297,264,983,17

0,298,265,998,26

0,299,266,17,36

0,300,267,26,47

0,301,268,36,59

0,302,269,47,67

0,303,270,58,80

0,304,271,68,94

0,305,272,79,105

0,306,273,93,123

0,307,274,104,126

0,308,275,121,143

0,309,276,133,156

0,310,277,143,178

0,311,278,156,194

0,312,279,171,209

0,313,280,186,214

0,314,281,195,225

0,315,282,209,235

0,316,283,222,247

0,317,284,235,267

0,318,285,246,316

0,319,286,267,328

0,320,287,277,328

0,321,288,316,343

0,322,289,329,358

0,323,290,343,366

0,324,291,358,398

0,325,292,379,416

0,326,293,398,423

0,327,294,415,458

0,328,295,425,474

0,329,296,436,498

0,330,297,452,512

0,331,298,462,512

0,332,299,474,513

0,333,300,497,528

0,334,301,511,543

0,335,302,525,558

0,336,303,530,563

0,337,304,543,575

0,338,305,557,590

0,339,306,571,602

0,341,307,588,630

0,342,308,602,660

0,343,309,618,668

0,344,310,629,676

0,345,311,641,684

0,346,312,658,688

0,347,313,664,698

0,348,314,676,706

0,349,315,688,717

0,350,316,697,727

0,351,317,710,745

0,352,318,718,761

0,353,319,729,764

0,354,320,745,780

0,355,321,761,788

0,356,322,779,802

0,357,323,789,812

0,358,324,802,847

0,359,325,812,855

0,360,326,838,866

0,361,327,847,879

0,362,328,865,903

0,363,329,879,923

0,364,330,889,931

0,365,331,899,931

0,366,332,914,949

0,367,333,925,956

0,368,334,938,964

0,369,335,949,979

0,370,336,962,996

0,371,337,978,23

0,372,338,994,41

0,373,339,3,50

0,374,340,17,59

0,375,341,29,59

0,376,342,41,73

0,377,343,51,91

0,379,344,71,99

0,380,345,82,102

0,381,346,91,110

0,382,347,102,125

0,383,348,120,140

0,384,349,138,159

0,385,350,153,176

0,386,351,176,198

0,387,352,186,219

0,388,353,197,222

0,389,354,215,245

0,390,355,224,250

0,391,356,237,261

0,392,357,246,268

0,393,358,261,286

0,394,359,286,323

0,395,360,303,349

0,396,361,322,357

0,397,362,332,364

0,398,363,346,375

0,399,364,357,391

0,400,365,368,398

0,401,366,376,410

0,402,367,390,425

0,403,368,399,431

0,404,369,409,437

0,405,370,424,456

0,406,371,434,459

0,407,372,452,473

0,408,373,465,488

0,409,374,483,522

0,410,375,501,536

0,411,376,518,549

0,412,377,536,558

0,413,378,549,576

0,414,379,559,583

0,415,380,576,595

0,416,381,589,609

0,417,382,603,629

0,418,383,629,656

0,419,384,644,665

0,420,385,656,686

0,421,386,670,694

0,422,387,685,712

0,423,388,694,719

0,424,389,712,746

0,425,390,725,760

0,426,391,745,799

0,427,392,759,803

0,428,393,779,813

0,429,394,799,826

0,430,395,813,838

0,431,396,825,848

0,432,397,838,863

0,433,398,847,880

0,434,399,858,883

0,435,400,871,893

0,436,401,883,920

0,437,402,892,939

0,438,403,905,949

0,439,404,920,979

0,440,405,938,989

0,441,406,948,1

0,442,407,961,3

0,443,408,976,47

0,445,409,0,79

0,446,410,20,90

0,448,411,46,109

0,450,412,78,126

0,451,413,89,173

0,452,414,102,176

0,453,415,108,184

0,454,416,118,190

0,455,417,130,199

0,456,418,153,199

0,457,419,164,202

0,458,420,174,209

0,459,421,184,268

0,460,422,194,279

0,461,423,209,285

0,462,424,233,285

0,463,425,248,316

0,464,426,267,348

0,465,427,279,349

0,466,428,313,375

0,469,429,362,384

0,470,430,374,400

0,471,431,383,417

0,472,432,398,436

0,474,433,417,446

0,475,434,434,450

0,476,435,445,473

0,477,436,461,484

0,478,437,473,501

0,479,438,484,505

0,480,439,499,517

0,481,440,516,535

0,482,441,534,568

0,483,442,551,574

0,484,443,568,584

0,485,444,584,603

0,486,445,601,634

0,487,446,617,649

0,488,447,634,685

0,489,448,649,702

0,490,449,680,721

0,492,450,702,731

0,493,451,721,743

0,494,452,731,762

0,495,453,743,775

0,496,454,761,793

0,497,455,772,811

0,498,456,784,822

0,499,457,794,826

0,500,458,811,840

0,501,459,822,849

0,502,460,837,861

0,503,461,847,870

0,504,462,861,879

0,505,463,872,899

0,506,464,887,906

0,507,465,899,943

0,508,466,943,991

0,510,467,980,999

0,511,468,991,17

0,512,469,2,45

0,513,470,17,52

0,514,471,43,78

0,516,472,72,93

0,517,473,84,102

0,518,474,93,113

0,519,475,104,129

0,520,476,113,132

0,521,477,129,150

0,522,478,149,167

0,523,479,166,189

0,524,480,184,204

0,525,481,195,218

0,526,482,205,224

0,527,483,218,245

0,528,484,232,262

0,529,485,245,274

0,530,486,262,297

0,531,487,274,314

0,532,488,284,315

0,533,489,297,323

0,534,490,314,346

0,535,491,339,364

0,536,492,354,384

0,537,493,363,393

0,538,494,384,414

0,539,495,393,417

0,540,496,410,436

0,541,497,428,450

0,542,498,438,468

0,543,499,450,478

0,544,500,468,500

0,545,501,478,504

0,546,502,489,515

0,547,503,500,519

0,548,504,515,542

0,549,505,535,560

0,550,506,545,564

0,551,507,556,574

0,552,508,566,585

0,553,509,576,595

0,554,510,585,608

0,555,511,595,616

0,556,512,607,625

0,557,513,618,648

0,559,514,645,667

0,560,515,660,680

0,561,516,679,699

0,562,517,698,721

0,563,518,720,753

0,564,519,732,759

0,565,520,748,775

0,566,521,759,787

0,567,522,773,814

0,569,523,794,827

0,570,524,811,876

0,571,525,818,877

0,572,526,832,895

0,573,527,875,903

0,575,528,886,913

0,576,529,896,927

0,577,530,913,939

0,578,531,927,949

0,579,532,939,965

0,580,533,949,975

0,581,534,965,986

0,582,535,975,999

0,583,536,986,12

0,584,537,999,23

0,585,538,12,34

0,586,539,23,51

0,587,540,34,59

0,588,541,51,73

0,589,542,61,83

0,590,543,72,95

0,591,544,83,107

0,592,545,95,118

0,593,546,107,128

0,594,547,118,140

0,595,548,127,156

0,596,549,139,160

0,597,550,156,177

0,598,551,172,193

0,599,552,189,207

0,600,553,207,232

0,601,554,217,236

0,602,555,232,253

0,603,556,247,267

0,604,557,266,296

0,605,558,294,317

0,606,559,308,325

0,607,560,317,349

0,608,561,327,359

0,609,562,349,373

0,610,563,359,385

0,611,564,371,410

0,612,565,384,413

0,613,566,405,439

0,614,567,414,460

0,615,568,429,467

0,616,569,436,477

0,618,570,460,492

0,619,571,474,499

0,620,572,481,508

0,621,573,491,531

0,622,574,503,534

0,623,575,519,543

0,624,576,531,552

0,625,577,543,567

0,626,578,552,571

0,627,579,567,594

0,628,580,587,608

0,629,581,604,622

0,630,582,617,650

0,631,583,637,667

0,632,584,649,670

0,633,585,667,696

0,634,586,694,731

0,636,587,722,748

0,637,588,732,763

0,638,589,747,771

0,639,590,761,784

0,640,591,771,809

0,641,592,783,836

0,643,593,808,843

0,644,594,835,889

0,647,595,871,891

0,648,596,889,913

0,649,597,905,926

0,650,598,915,933

0,651,599,926,975

0,652,600,974,23

0,655,601,14,39

0,656,602,23,86

0,657,603,35,95

0,658,604,53,104

0,659,605,64,110

0,660,606,81,110

0,661,607,95,122

0,662,608,106,136

0,663,609,121,154

0,664,610,136,159

0,665,611,153,180

0,666,612,163,190

0,667,613,180,204

0,668,614,190,224

0,669,615,203,234

0,670,616,223,249

0,671,617,230,269

0,672,618,248,278

0,673,619,268,291

0,674,620,278,299

0,675,621,290,315

0,676,622,300,330

0,677,623,315,362

0,679,624,347,377

0,680,625,362,385

0,681,626,377,405

0,682,627,386,413

0,683,628,405,444

0,684,629,414,450

0,685,630,430,460

0,686,631,444,464

0,687,632,456,481

0,688,633,472,492

0,689,634,481,501

0,690,635,492,511

0,691,636,502,525

0,692,637,511,538

0,693,638,524,553

0,694,639,538,565

0,695,640,550,569

0,696,641,564,594

0,697,642,584,603

0,698,643,594,616

0,699,644,604,642

0,701,645,632,654

0,702,646,642,661

0,703,647,653,673

0,704,648,668,690

0,705,649,685,707

0,706,650,696,724

0,707,651,707,733

0,708,652,723,753

0,709,653,733,759

0,710,654,745,763

0,711,655,755,780

0,712,656,764,783

0,713,657,777,798

0,714,658,792,813

0,715,659,801,824

0,716,660,813,835

0,717,661,824,845

0,718,662,835,857

0,719,663,845,865

0,720,664,857,876

0,721,665,876,897

0,722,666,897,913

0,723,667,908,929

0,724,668,919,940

0,725,669,929,951

0,726,670,940,959

0,727,671,951,968

0,728,672,960,975

0,729,673,973,994

0,730,674,990,10

0,731,675,10,32

0,732,676,22,51

0,733,677,32,55

0,734,678,51,71

0,735,679,71,95

0,736,680,88,114

0,737,681,99,131

0,738,682,111,149

0,739,683,120,160

0,740,684,130,170

0,741,685,143,197

0,742,686,153,197

0,743,687,164,221

0,746,688,214,231

0,747,689,231,253

0,748,690,252,274

0,749,691,270,292

0,750,692,292,316

0,751,693,314,335

0,752,694,335,360

0,753,695,346,370

0,754,696,360,381

0,755,697,370,390

0,756,698,381,404

0,757,699,404,426

0,758,700,421,439

0,759,701,437,459

0,760,702,459,476

0,761,703,476,496

0,762,704,490,521

0,763,705,505,530

0,764,706,520,539

0,765,707,530,552

0,766,708,541,569

0,767,709,552,572

0,768,710,568,588

0,769,711,588,613

0,770,712,607,642

0,771,713,641,671

0,772,714,657,679

0,773,715,671,693

0,774,716,681,703

0,775,717,693,715

0,776,718,703,725

0,777,719,715,744

0,778,720,725,749

0,779,721,743,765

0,780,722,764,787

0,781,723,782,809

0,782,724,808,826

0,783,725,826,855

0,784,726,837,860

0,785,727,849,873

0,786,728,859,884

0,787,729,870,891

0,788,730,884,987

0,789,731,899,996

0,790,732,918,999

0,791,733,934,6

0,792,734,950,8

0,793,735,967,12

0,794,736,983,19

0,795,737,996,19

0,796,738,6,26

0,797,739,18,41

0,798,740,33,54

0,799,741,43,67

0,800,742,54,93

0,801,743,65,95

0,802,744,80,104

0,803,745,90,119

0,804,746,103,125

0,805,747,118,141

0,806,748,140,167

0,807,749,153,187

0,808,750,167,191

0,809,751,180,225

0,810,752,191,230

0,811,753,224,248

0,812,754,240,259

0,813,755,256,284

0,814,756,266,292

0,815,757,284,307

0,816,758,300,320

0,817,759,320,337

0,818,760,334,360

0,819,761,352,369

0,820,762,369,401

0,821,763,387,410

0,822,764,401,426

0,823,765,410,434

0,824,766,425,449

0,825,767,440,467

0,826,768,450,470

0,827,769,467,494

0,828,770,488,507

0,829,771,506,526

0,830,772,523,551

0,831,773,542,567

0,832,774,552,587

0,833,775,565,614

0,834,776,586,656

0,836,777,614,663

0,837,778,636,676

0,838,779,652,678

0,839,780,663,694

0,840,781,676,701

0,841,782,694,715

0,842,783,712,731

0,843,784,730,747

0,844,785,747,766

0,845,786,763,788

0,846,787,785,815

0,847,788,799,824

0,848,789,815,841

0,849,790,825,843

0,850,791,840,863

0,851,792,863,886

0,852,793,873,895

0,853,794,886,912

0,854,795,895,920

0,855,796,912,929

0,856,797,929,951

0,857,798,947,971

0,858,799,967,987

0,859,800,983,7

0,860,801,0,26

0,861,802,18,47

0,862,803,35,56

0,863,804,47,68

0,864,805,58,80

0,865,806,68,100

0,866,807,80,104

0,867,808,97,116

0,868,809,115,138

0,869,810,138,167

0,870,811,153,199

0,871,812,167,215

0,872,813,184,218

0,873,814,199,227

0,874,815,214,244

0,875,816,225,254

0,876,817,244,266

0,877,818,255,285

0,878,819,265,291

0,879,820,285,319

0,881,821,315,347

0,883,822,339,360

0,884,823,359,380

0,885,824,378,400

0,886,825,390,413

0,887,826,400,436

0,888,827,413,442

0,889,828,435,455

0,890,829,443,477

0,891,830,455,483

0,892,831,472,498

0,893,832,483,516

0,894,833,495,522

0,895,834,509,531

0,896,835,519,535

0,897,836,530,557

0,898,837,548,570

0,899,838,557,584

0,900,839,569,587

0,901,840,583,602

0,902,841,602,630

0,903,842,618,641

0,904,843,630,652

0,905,844,641,662

0,906,845,652,669

0,907,846,662,684

0,908,847,682,702

0,909,848,698,720

0,910,849,712,747

0,911,850,729,750

0,912,851,746,767

0,913,852,761,786

0,914,853,775,796

0,915,854,784,810

0,916,855,796,818

0,917,856,810,834

0,918,857,825,852

0,919,858,841,863

0,920,859,851,872

0,921,860,863,885

0,922,861,874,899

0,923,862,884,925

0,925,863,906,933

0,926,864,921,945

0,927,865,933,958

0,928,866,944,972

0,929,867,958,987

0,930,868,972,999

0,931,869,986,13

0,932,870,999,21

0,933,871,13,48

0,934,872,22,52

0,935,873,45,76

0,936,874,75,94

0,937,875,89,105

0,938,876,104,130

0,939,877,129,159

0,940,878,137,166

0,941,879,158,195

0,942,880,167,204

0,944,881,192,219

0,945,882,199,229

0,946,883,210,254

0,947,884,220,284

0,950,885,270,291

0,951,886,284,306

0,952,887,301,327

0,953,888,313,333

0,954,889,327,347

0,955,890,343,368

0,956,891,366,418

0,957,892,417,452

0,959,893,441,462

0,960,894,452,471

0,961,895,462,483

0,962,896,480,495

0,963,897,491,509

0,964,898,502,519

0,965,899,517,539

0,966,900,539,559

0,967,901,558,585

0,968,902,573,596

0,969,903,585,618

0,970,904,595,622

0,971,905,615,638

0,972,906,625,654

0,973,907,638,662

0,974,908,654,681

0,975,909,664,692

0,976,910,675,695

0,977,911,688,715

0,978,912,706,726

0,979,913,715,742

0,980,914,726,770

0,981,915,741,778

0,982,916,751,778

0,983,917,770,795

0,984,918,780,799

0,985,919,795,828

0,986,920,810,845

0,987,921,827,866

0,988,922,841,880

0,990,923,865,892

0,991,924,880,909

0,992,925,891,917

0,993,926,904,928

0,994,927,914,943

0,995,928,927,956

0,996,929,942,978

0,997,930,955,3

0,1000,931,990,10

0,1001,932,3,30

0,1002,933,23,44

0,1003,934,41,62

0,1004,935,52,72

0,1005,936,62,82

0,1006,937,72,94

0,1007,938,82,105

0,1008,939,94,116

0,1009,940,105,127

0,1010,941,116,145

0,1011,942,126,151

0,1012,943,145,171

0,1013,944,170,195

0,1014,945,189,208

0,1015,946,205,226

0,1016,947,223,250

0,1017,948,238,260

0,1018,949,249,272

0,1019,950,260,287

0,1020,951,272,293

0,1021,952,287,308

0,1022,953,302,329

0,1023,954,319,336

0,1024,955,329,354

0,1025,956,338,363

0,1026,957,354,386

0,1027,958,363,399

0,1028,959,386,411

0,1029,960,397,430

0,1030,961,411,442

0,1031,962,427,451

0,1032,963,439,464

0,1033,964,451,491

0,1034,965,464,511

0,1035,966,479,516

0,1036,967,490,526

0,1037,968,508,532

0,1038,969,523,543

0,1039,970,532,556

0,1040,971,543,562

0,1041,972,556,660

0,1042,973,573,676

0,1043,974,584,682

0,1044,975,599,683

0,1045,976,616,690

0,1046,977,635,690

0,1047,978,658,697

0,1048,979,668,710

0,1049,980,677,710

0,1050,981,690,725

0,1051,982,709,756

0,1052,983,725,766

0,1054,984,756,786

0,1055,985,766,793

0,1056,986,783,811

0,1057,987,793,820

0,1058,988,808,834

0,1059,989,819,843

0,1060,990,834,859

0,1061,991,843,863

0,1062,992,853,879

0,1063,993,864,888

0,1064,994,877,897

0,1065,995,887,909

0,1066,996,897,916

0,1067,997,909,931

0,1068,998,924,948

0,1069,999,940,960

0,1070,1000,960,982

0,1071,1001,974,5

0,1072,1002,989,13

0,1073,1003,5,29

0,1074,1004,14,40

0,1075,1005,29,52

0,1076,1006,39,73

0,1077,1007,50,77

0,1078,1008,72,100

0,1079,1009,100,123

0,1080,1010,115,136

0,1081,1011,128,144

0,1082,1012,136,162

0,1083,1013,146,166

0,1084,1014,162,184

0,1085,1015,174,198

0,1086,1016,184,207

0,1087,1017,198,214

0,1088,1018,207,228

0,1089,1019,226,279

0,1092,1020,266,286

0,1093,1021,278,300

0,1094,1022,300,320

0,1095,1023,320,379

0,1097,1024,361,388

0,1098,1025,378,405

0,1099,1026,388,413

0,1100,1027,405,433

0,1101,1028,422,445

0,1102,1029,433,459

0,1103,1030,445,463

0,1104,1031,459,481

0,1105,1032,480,500

0,1106,1033,491,517

0,1107,1034,501,525

0,1108,1035,516,558

0,1109,1036,527,564

0,1110,1037,536,575

0,1111,1038,556,591

0,1113,1039,575,597

0,1114,1040,591,612

0,1115,1041,609,630

0,1116,1042,624,645

0,1117,1043,645,667

0,1118,1044,665,686

0,1119,1045,686,705

0,1120,1046,705,728

0,1121,1047,726,749

0,1122,1048,743,773

0,1123,1049,754,777

0,1124,1050,767,794

0,1125,1051,777,811

0,1126,1052,794,820

0,1127,1053,808,842

0,1128,1054,819,847

0,1129,1055,835,856

0,1130,1056,846,864

0,1131,1057,856,878

0,1132,1058,875,897

0,1133,1059,892,929

0,1134,1060,917,941

0,1135,1061,928,951

0,1136,1062,941,970

0,1137,1063,951,977

0,1138,1064,970,993

0,1139,1065,989,8

0,1140,1066,6,27

0,1141,1067,23,42

0,1142,1068,39,59

0,1143,1069,50,68

0,1144,1070,60,77

0,1145,1071,77,99

0,1146,1072,99,118

0,1147,1073,116,147

0,1148,1074,136,163

0,1149,1075,147,170

0,1150,1076,163,188

0,1151,1077,181,206

0,1152,1078,189,216

0,1153,1079,205,232

0,1154,1080,216,244

0,1155,1081,232,281

0,1156,1082,243,333

0,1159,1083,303,350

0,1161,1084,333,360

0,1162,1085,349,369

0,1163,1086,360,384

0,1164,1087,369,393

0,1165,1088,381,401

0,1166,1089,391,408

0,1167,1090,401,422

0,1168,1091,416,435

0,1169,1092,435,458

0,1170,1093,450,469

0,1171,1094,460,480

0,1172,1095,470,489

0,1173,1096,480,504

0,1174,1097,491,509

0,1175,1098,504,523

0,1176,1099,521,546

0,1177,1100,534,553

0,1178,1101,545,567

0,1179,1102,555,579

0,1180,1103,567,583

0,1181,1104,579,601

0,1182,1105,591,611

0,1183,1106,601,622

0,1184,1107,611,633

0,1185,1108,622,642

0,1186,1109,633,659

0,1187,1110,654,676

0,1188,1111,670,692

0,1189,1112,686,712

0,1190,1113,704,726

0,1191,1114,720,750

0,1192,1115,750,782

0,1193,1116,760,790

0,1194,1117,773,793

0,1195,1118,790,814

0,1196,1119,808,839

0,1198,1120,835,861

0,1199,1121,853,872

0,1200,1122,862,884

0,1201,1123,872,890

0,1202,1124,884,904

0,1203,1125,903,930

0,1204,1126,918,938

0,1205,1127,929,957

0,1206,1128,941,961

0,1207,1129,954,973

0,1208,1130,973,997

0,1209,1131,988,9

0,1210,1132,997,21

0,1211,1133,9,33

0,1212,1134,21,42

0,1213,1135,32,53

0,1214,1136,42,64

0,1215,1137,53,73

0,1216,1138,64,86

0,1217,1139,73,98

0,1218,1140,86,109

0,1219,1141,98,125

0,1220,1142,109,133

0,1221,1143,125,143

0,1222,1144,135,187

0,1223,1145,186,212

0,1224,1146,197,225

0,1225,1147,208,229

0,1226,1148,224,245

0,1227,1149,245,268

0,1228,1150,260,282

0,1229,1151,270,294

0,1230,1152,281,305

0,1231,1153,293,321

0,1232,1154,305,328

0,1233,1155,320,344

0,1234,1156,336,366

0,1235,1157,359,379

0,1236,1158,375,398

0,1237,1159,392,412

0,1238,1160,403,426

0,1239,1161,412,446

0,1240,1162,425,456

0,1241,1163,439,461

0,1242,1164,455,473

0,1243,1165,468,486

0,1244,1166,477,495

0,1245,1167,495,514

0,1246,1168,508,529

0,1247,1169,525,549

0,1248,1170,539,559

0,1249,1171,548,572

0,1250,1172,559,582

0,1251,1173,572,592

0,1252,1174,583,602

0,1253,1175,592,610

0,1254,1176,602,622

0,1255,1177,615,634

0,1256,1178,634,654

0,1257,1179,653,678

0,1258,1180,668,695

0,1259,1181,678,702

0,1260,1182,693,720

0,1261,1183,702,730

0,1262,1184,720,746

0,1263,1185,730,757

0,1264,1186,746,769

0,1265,1187,757,788

0,1266,1188,769,795

0,1267,1189,786,810

0,1268,1190,795,825

0,1269,1191,807,837

0,1270,1192,824,858

0,1271,1193,837,862

0,1272,1194,853,874

0,1273,1195,871,892

0,1274,1196,886,909

0,1275,1197,907,930

0,1276,1198,926,952

0,1277,1199,942,962

0,1278,1200,952,981

0,1279,1201,962,985

0,1280,1202,979,998

0,1281,1203,992,9

0,1282,1204,4,22

0,1283,1205,18,46

0,1284,1206,42,60

0,1285,1207,51,69

0,1286,1208,61,83

0,1287,1209,72,102

0,1288,1210,83,107

0,1289,1211,94,123

0,1290,1212,103,131

0,1291,1213,123,143

0,1292,1214,132,152

0,1293,1215,143,166

0,1294,1216,159,186

0,1295,1217,184,204

0,1296,1218,203,228

0,1297,1219,219,238

0,1298,1220,228,249

0,1299,1221,238,285

0,1300,1222,249,293

0,1301,1223,259,295

0,1302,1224,284,305

0,1303,1225,293,316

0,1304,1226,304,327

0,1305,1227,316,339

0,1306,1228,327,363

0,1307,1229,338,375

0,1308,1230,349,397

0,1309,1231,363,399

0,1310,1232,375,421

0,1311,1233,397,426

0,1312,1234,409,459

0,1313,1235,421,462

0,1314,1236,433,477

0,1315,1237,451,485

0,1316,1238,460,493

0,1317,1239,473,494

0,1318,1240,484,505

0,1319,1241,493,521

0,1320,1242,505,525

0,1321,1243,521,542

0,1322,1244,536,557

0,1323,1245,556,585

0,1324,1246,567,589

0,1325,1247,584,607

0,1326,1248,599,616

0,1327,1249,616,640

0,1328,1250,633,654

0,1329,1251,649,668

0,1330,1252,666,684

0,1331,1253,683,704

0,1332,1254,704,724

0,1333,1255,714,735

0,1334,1256,724,749

0,1335,1257,735,757

0,1336,1258,748,774

0,1337,1259,757,810

0,1338,1260,773,840

0,1341,1261,825,849

0,1342,1262,840,866

0,1343,1263,851,872

0,1344,1264,866,886

0,1345,1265,883,903

0,1346,1266,903,924

0,1347,1267,924,975

0,1348,1268,938,978

0,1349,1269,956,988

0,1350,1270,973,994

0,1351,1271,987,18

0,1352,1272,9,30

0,1353,1273,18,40

0,1354,1274,30,57

0,1355,1275,40,89

0,1358,1276,79,98

0,1359,1277,89,115

0,1360,1278,98,118

0,1361,1279,115,155

0,1362,1280,128,160

0,1363,1281,147,166

0,1364,1282,156,181

0,1365,1283,166,184

0,1366,1284,181,204

0,1367,1285,200,223

0,1368,1286,222,240

0,1369,1287,239,261

0,1370,1288,261,281

0,1371,1289,273,311

0,1373,1290,302,328

0,1374,1291,324,347

0,1375,1292,336,361

0,1376,1293,347,370

0,1377,1294,360,400

0,1378,1295,370,403

0,1379,1296,384,414

0,1380,1297,400,432

0,1381,1298,409,439

0,1382,1299,419,452

0,1383,1300,432,455

0,1384,1301,452,479

0,1385,1302,466,509

0,1386,1303,479,516

0,1387,1304,497,530

0,1388,1305,509,545

0,1389,1306,521,552

0,1390,1307,530,564

0,1391,1308,545,576

0,1392,1309,564,584

0,1393,1310,576,595

0,1394,1311,595,617

0,1395,1312,613,632

0,1396,1313,626,643

0,1397,1314,642,663

0,1398,1315,658,677

0,1399,1316,674,693

0,1400,1317,685,703

0,1401,1318,700,719

0,1402,1319,718,739

0,1403,1320,737,762

0,1404,1321,760,780

0,1405,1322,770,787

0,1406,1323,780,810

0,1407,1324,795,817

0,1408,1325,810,827

0,1409,1326,827,846

0,1410,1327,843,861

0,1411,1328,854,873

0,1412,1329,872,889

0,1413,1330,888,918

0,1414,1331,910,930

0,1415,1332,919,947

0,1416,1333,930,956

0,1417,1334,947,972

0,1418,1335,957,985

0,1419,1336,972,25

0,1421,1337,991,31

0,1422,1338,10,38

0,1423,1339,23,57

0,1424,1340,37,72

0,1425,1341,45,87

0,1426,1342,57,101

0,1427,1343,70,121

0,1429,1344,99,127

0,1430,1345,106,135

0,1431,1346,119,154

0,1432,1347,131,165

0,1433,1348,141,170

0,1434,1349,153,189

0,1435,1350,164,196

0,1436,1351,176,203

0,1437,1352,188,215

0,1438,1353,201,236

0,1440,1354,218,240

0,1441,1355,236,258

0,1442,1356,250,272

0,1443,1357,270,289

0,1444,1358,287,306

0,1445,1359,303,321

0,1446,1360,318,343

0,1447,1361,333,355

0,1448,1362,343,362

0,1449,1363,355,378

0,1450,1364,374,410

0,1451,1365,387,413

0,1452,1366,410,431

0,1453,1367,426,448

0,1454,1368,441,464

0,1455,1369,458,478

0,1456,1370,472,496

0,1457,1371,489,508

0,1458,1372,504,528

0,1459,1373,517,540

0,1460,1374,527,548

0,1461,1375,539,560

0,1462,1376,548,571

0,1463,1377,560,584

0,1464,1378,571,594

0,1465,1379,584,608

0,1466,1380,595,620

0,1467,1381,608,634

0,1468,1382,620,648

0,1469,1383,634,662

0,1470,1384,648,678

0,1471,1385,662,691

0,1472,1386,676,699

0,1473,1387,687,713

0,1474,1388,699,724

0,1475,1389,711,738

0,1476,1390,724,748

0,1477,1391,737,766

0,1478,1392,748,781

0,1479,1393,764,797

0,1481,1394,788,815

0,1482,1395,797,830

0,1483,1396,815,857

0,1484,1397,830,867

0,1485,1398,844,868

0,1486,1399,857,895

0,1487,1400,867,903

0,1489,1401,895,916

0,1490,1402,916,932

0,1491,1403,926,949

0,1492,1404,942,961

0,1493,1405,952,978

0,1494,1406,963,982

0,1495,1407,978,1

0,1496,1408,993,13

0,1497,1409,8,32

0,1498,1410,25,43

0,1499,1411,41,60

0,1500,1412,60,80

0,1501,1413,70,88

0,1502,1414,80,102

0,1503,1415,94,112

0,1504,1416,110,132

0,1505,1417,125,144

0,1506,1418,144,175

0,1507,1419,166,191

0,1508,1420,177,205

0,1509,1421,191,228

0,1510,1422,203,236

0,1511,1423,225,256

0,1512,1424,234,267

0,1513,1425,246,274

0,1514,1426,256,296

0,1515,1427,267,308

0,1516,1428,281,318

0,1517,1429,286,321

0,1518,1430,298,328

0,1519,1431,307,336

0,1520,1432,318,344

0,1521,1433,328,348

0,1522,1434,344,368

0,1523,1435,360,380

0,1524,1436,369,386

0,1525,1437,380,411

0,1526,1438,411,479

0,1529,1439,465,486

0,1530,1440,475,499

0,1531,1441,486,507

0,1532,1442,499,519

0,1533,1443,515,533

0,1534,1444,526,544

0,1535,1445,542,562

0,1536,1446,558,577

0,1537,1447,573,593

0,1538,1448,588,608

0,1539,1449,601,627

0,1540,1450,611,630

0,1541,1451,626,649

0,1542,1452,649,674

0,1543,1453,668,694

0,1544,1454,682,706

0,1545,1455,694,713

0,1546,1456,706,728

0,1547,1457,719,739

0,1548,1458,739,759

0,1549,1459,755,777

0,1550,1460,771,791

0,1551,1461,787,806

0,1552,1462,804,824

0,1553,1463,820,841

0,1554,1464,838,854

0,1555,1465,854,882

0,1556,1466,881,907

0,1557,1467,896,917

0,1558,1468,906,935

0,1559,1469,917,940

0,1560,1470,935,956

0,1561,1471,956,981

0,1562,1472,967,992

0,1563,1473,981,4

0,1564,1474,992,20

0,1565,1475,4,37

0,1566,1476,18,41

0,1567,1477,34,62

0,1568,1478,54,81

0,1569,1479,69,92

0,1570,1480,81,99

0,1571,1481,91,115

0,1572,1482,105,128

0,1573,1483,115,140

0,1574,1484,127,157

0,1575,1485,140,161

0,1576,1486,151,170

0,1577,1487,161,184

0,1578,1488,171,198

0,1579,1489,183,208

0,1580,1490,198,224

0,1581,1491,207,231

0,1582,1492,224,243

0,1583,1493,239,269

0,1584,1494,253,273

0,1585,1495,267,286

0,1586,1496,277,299

0,1587,1497,287,305

0,1588,1498,296,315

0,1589,1499,315,336

0,1590,1500,335,355

0,1591,1501,350,367

0,1592,1502,367,391

0,1593,1503,387,406

0,1594,1504,405,424

0,1595,1505,421,441

0,1596,1506,441,472

0,1597,1507,457,481

0,1598,1508,472,493

0,1599,1509,481,548

0,1600,1510,493,558

0,1601,1511,506,561

0,1602,1512,529,570

0,1603,1513,543,579

0,1604,1514,553,579

0,1605,1515,570,596

0,1606,1516,581,604

0,1607,1517,596,619

0,1608,1518,619,639

0,1609,1519,634,660

0,1610,1520,657,678

0,1611,1521,673,697

0,1612,1522,689,713

0,1613,1523,699,720

0,1614,1524,710,734

0,1615,1525,719,737

0,1616,1526,734,754

0,1617,1527,752,772

0,1618,1528,771,800

0,1619,1529,799,821

0,1620,1530,819,841

0,1621,1531,841,866

0,1622,1532,854,874

0,1623,1533,866,889

0,1624,1534,882,902

0,1625,1535,895,920

0,1626,1536,919,939

0,1627,1537,935,958

0,1628,1538,951,979

0,1629,1539,968,986

0,1630,1540,979,3

0,1631,1541,994,15

0,1632,1542,3,23

0,1633,1543,15,46

0,1634,1544,25,50

0,1635,1545,35,58

0,1636,1546,46,71

0,1637,1547,58,82

0,1638,1548,71,91

0,1639,1549,81,112

0,1640,1550,91,116

0,1641,1551,104,126

0,1642,1552,115,136

0,1643,1553,126,149

0,1644,1554,136,164

0,1645,1555,149,172

0,1646,1556,160,183

0,1647,1557,172,201

0,1648,1558,183,210

0,1649,1559,200,220

0,1650,1560,210,232

0,1651,1561,220,246

0,1652,1562,232,280

0,1653,1563,246,400

0,1654,1564,273,413

0,1655,1565,313,439

0,1658,1566,412,445

0,1659,1567,432,451

0,1660,1568,445,473

0,1661,1569,456,475

0,1662,1570,473,496

0,1663,1571,491,511

0,1664,1572,508,527

0,1665,1573,524,542

0,1666,1574,540,559

0,1667,1575,553,572

0,1668,1576,572,595

0,1669,1577,594,614

0,1670,1578,605,624

0,1671,1579,615,631

0,1672,1580,624,641

0,1673,1581,641,663

0,1674,1582,657,679

0,1675,1583,678,702

0,1676,1584,698,716

0,1677,1585,711,732

0,1678,1586,726,746

0,1679,1587,744,763

0,1680,1588,759,786

0,1681,1589,769,788

0,1682,1590,786,807

0,1683,1591,806,828

0,1684,1592,824,849

0,1685,1593,844,863

0,1686,1594,863,880

0,1687,1595,880,901

0,1688,1596,893,913

0,1689,1597,902,921

0,1690,1598,913,932

0,1691,1599,932,957

0,1692,1600,945,963

0,1693,1601,955,975

0,1694,1602,970,996

0,1695,1603,993,14

0,1696,1604,9,31

0,1697,1605,19,39

0,1698,1606,31,55

0,1699,1607,40,66

0,1700,1608,54,81

0,1701,1609,66,84

0,1702,1610,81,102

0,1703,1611,94,114

0,1704,1612,109,132

0,1705,1613,120,157

0,1706,1614,132,175

0,1707,1615,143,191

0,1708,1616,157,201

0,1709,1617,175,202

0,1710,1618,189,210

0,1711,1619,201,225

0,1712,1620,213,239

0,1713,1621,223,243

0,1714,1622,239,264

0,1715,1623,261,282

0,1716,1624,272,296

0,1717,1625,282,304

0,1718,1626,295,317

0,1719,1627,303,332

0,1720,1628,317,339

0,1721,1629,332,355

0,1722,1630,354,370

0,1723,1631,369,389

0,1724,1632,388,413

0,1725,1633,412,433

0,1726,1634,428,449

0,1727,1635,445,464

0,1728,1636,464,481

0,1729,1637,476,494

0,1730,1638,487,512

0,1731,1639,509,536

0,1732,1640,525,545

0,1733,1641,536,557

0,1734,1642,546,580

0,1735,1643,556,595

0,1736,1644,571,602

0,1737,1645,592,619

0,1738,1646,602,623

0,1739,1647,619,645

0,1740,1648,636,667

0,1741,1649,646,679

0,1742,1650,657,685

0,1743,1651,667,694

0,1744,1652,679,706

0,1745,1653,694,724

0,1746,1654,706,729

0,1747,1655,720,751

0,1748,1656,732,755

0,1749,1657,750,780

0,1750,1658,761,784

0,1751,1659,777,803

0,1752,1660,786,815

0,1753,1661,803,840

0,1754,1662,815,847

0,1755,1663,827,847

0,1756,1664,839,859

0,1757,1665,850,881

0,1758,1666,859,889

0,1759,1667,880,911

0,1760,1668,891,914

0,1761,1669,905,929

0,1762,1670,914,937

0,1763,1671,929,955

0,1764,1672,952,987

0,1766,1673,987,8

0,1767,1674,8,31

0,1768,1675,19,44

0,1769,1676,31,55

0,1770,1677,44,68

0,1771,1678,55,77

0,1772,1679,67,95

0,1773,1680,77,107

0,1774,1681,89,114

0,1775,1682,105,127

0,1776,1683,114,139

0,1777,1684,127,150

0,1778,1685,139,163

0,1779,1686,150,174

0,1780,1687,163,184

0,1781,1688,174,197

0,1782,1689,184,209

0,1783,1690,197,224

0,1784,1691,209,236

0,1785,1692,224,242

0,1786,1693,236,258

0,1787,1694,258,318

0,1790,1695,311,348

0,1791,1696,329,358

0,1792,1697,347,380

0,1793,1698,358,396

0,1794,1699,374,408

0,1795,1700,382,418

0,1796,1701,395,434

0,1797,1702,407,440

0,1798,1703,418,452

0,1799,1704,430,458

0,1800,1705,441,485

0,1803,1706,473,494

0,1804,1707,485,506

0,1805,1708,500,520

0,1806,1709,519,537

0,1807,1710,537,556

0,1808,1711,554,573

0,1809,1712,570,589

0,1810,1713,586,606

0,1811,1714,604,623

0,1812,1715,620,640

0,1813,1716,636,654

0,1814,1717,653,673

0,1815,1718,668,691

0,1816,1719,689,714

0,1817,1720,713,741

0,1818,1721,730,755

0,1819,1722,741,764

0,1820,1723,755,782

0,1821,1724,766,786

0,1822,1725,777,798

0,1823,1726,788,812

0,1824,1727,798,826

0,1825,1728,808,836

0,1826,1729,825,846

0,1827,1730,836,865

0,1828,1731,845,871

0,1829,1732,864,888

0,1830,1733,883,904

0,1831,1734,902,922

0,1832,1735,917,947

0,1833,1736,926,962

0,1834,1737,945,983

0,1835,1738,959,3

0,1836,1739,973,11

0,1837,1740,981,20

0,1839,1741,2,35

0,1840,1742,16,43

0,1841,1743,26,55

0,1842,1744,37,67

0,1843,1745,49,71

0,1844,1746,56,84

0,1845,1747,67,88

0,1846,1748,77,98

0,1847,1749,88,107

0,1848,1750,98,118

0,1849,1751,117,139

0,1850,1752,134,159

0,1851,1753,149,168

0,1852,1754,159,187

0,1853,1755,169,191

0,1854,1756,185,204

0,1855,1757,204,224

0,1856,1758,220,241

0,1857,1759,235,255

0,1858,1760,253,277

0,1859,1761,275,313

0,1860,1762,289,318

0,1861,1763,311,335

0,1862,1764,318,344

0,1863,1765,330,356

0,1864,1766,344,368

0,1865,1767,356,382

0,1866,1768,368,394

0,1867,1769,379,403

0,1868,1770,393,413

0,1869,1771,402,428

0,1870,1772,413,440

0,1871,1773,428,464

0,1872,1774,439,470

0,1873,1775,451,484

0,1874,1776,464,490

0,1875,1777,483,508

0,1876,1778,493,521

0,1877,1779,505,528

0,1878,1780,521,553

0,1879,1781,530,582

0,1880,1782,545,600

0,1881,1783,560,604

0,1882,1784,578,611

0,1883,1785,593,618

0,1884,1786,604,628

0,1885,1787,614,644

0,1886,1788,628,650

0,1887,1789,643,668

0,1888,1790,659,680

0,1889,1791,668,689

0,1890,1792,679,699

0,1891,1793,689,708

0,1892,1794,699,720

0,1893,1795,710,730

0,1894,1796,720,736

0,1895,1797,730,746

0,1896,1798,745,764

0,1897,1799,762,778

0,1898,1800,778,798

0,1899,1801,797,816

0,1900,1802,812,832

0,1901,1803,832,854

0,1902,1804,852,871

0,1903,1805,871,893

0,1904,1806,893,925

0,1905,1807,905,932

0,1906,1808,923,986

0,1909,1809,964,990

0,1910,1810,975,996

0,1911,1811,986,7

0,1912,1812,996,20

0,1913,1813,7,30

0,1914,1814,20,45

0,1915,1815,30,53

0,1916,1816,43,76

0,1917,1817,54,85

0,1918,1818,76,110

0,1919,1819,87,118

0,1920,1820,99,125

0,1921,1821,109,138

0,1922,1822,119,157

0,1923,1823,132,166

0,1924,1824,143,169

0,1925,1825,156,190

0,1926,1826,166,193

0,1927,1827,188,210

0,1928,1828,209,228

0,1929,1829,221,239

0,1930,1830,239,260

0,1931,1831,255,275

0,1932,1832,270,289

0,1933,1833,288,309

0,1934,1834,301,320

0,1935,1835,320,341

0,1936,1836,340,362

0,1937,1837,355,380

0,1938,1838,374,396

0,1939,1839,389,407

0,1940,1840,405,426

0,1941,1841,424,449

0,1942,1842,439,489

0,1943,1843,449,492

0,1944,1844,489,516

0,1945,1845,499,522

0,1946,1846,515,558

0,1947,1847,528,559

0,1948,1848,540,565

0,1949,1849,558,579

0,1950,1850,574,595

0,1951,1851,591,613

0,1952,1852,612,634

0,1953,1853,622,641

0,1954,1854,633,652

0,1955,1855,651,672

0,1956,1856,672,689

0,1957,1857,689,708

0,1958,1858,705,723

0,1959,1859,721,741

0,1960,1860,739,760

0,1961,1861,758,781

0,1962,1862,775,797

0,1963,1863,796,818

0,1964,1864,806,830

0,1965,1865,818,838

0,1966,1866,830,849

0,1967,1867,844,863

0,1968,1868,863,886

0,1969,1869,876,897

0,1970,1870,886,913

0,1971,1871,897,919

0,1972,1872,912,942

0,1973,1873,930,958

0,1974,1874,942,965

0,1975,1875,958,981

0,1976,1876,968,987

0,1977,1877,980,2

0,1978,1878,2,24

0,1979,1879,24,64

0,1980,1880,41,73

0,1981,1881,62,84

0,1982,1882,73,101

0,1983,1883,84,107

0,1984,1884,101,126

0,1985,1885,111,134

0,1986,1886,126,148

0,1987,1887,144,166

0,1988,1888,154,179

0,1989,1889,166,188

0,1990,1890,178,199

0,1991,1891,188,212

0,1992,1892,198,223

0,1993,1893,212,235

0,1994,1894,223,245

0,1995,1895,235,262

0,1996,1896,245,269

0,1997,1897,259,279

0,1998,1898,268,294

0,1999,1899,279,301

0,2000,1900,293,318

0,2001,1901,301,324

0,2002,1902,313,331

0,2003,1903,324,348

0,2004,1904,340,359

0,2005,1905,351,373

0,2006,1906,367,386

0,2007,1907,385,405

0,2008,1908,405,441

0,2009,1909,422,450

0,2010,1910,441,467

0,2011,1911,450,475

0,2012,1912,467,487

0,2013,1913,476,497

0,2014,1914,487,510

0,2015,1915,497,519

0,2016,1916,510,537

0,2017,1917,519,540

0,2018,1918,537,556

0,2019,1919,552,573

0,2020,1920,567,587

0,2021,1921,585,605

0,2022,1922,605,631

0,2023,1923,629,650

0,2024,1924,639,659

0,2025,1925,649,672

0,2026,1926,659,681

0,2027,1927,671,698

0,2028,1928,681,702

0,2029,1929,695,717

0,2030,1930,711,732

0,2031,1931,723,755

0,2032,1932,732,766

0,2033,1933,751,776

0,2034,1934,766,789

0,2035,1935,776,798

0,2036,1936,789,810

0,2037,1937,798,818

0,2038,1938,809,834

0,2039,1939,834,857

0,2040,1940,846,865

0,2041,1941,857,876

0,2042,1942,871,892

0,2043,1943,892,925

0,2044,1944,903,931

0,2045,1945,925,940

0,2046,1946,940,960

0,2047,1947,959,979

0,2048,1948,979,997

0,2049,1949,997,18

0,2050,1950,14,33

0,2051,1951,26,54

0,2052,1952,42,62

0,2053,1953,54,83

0,2054,1954,69,96

0,2055,1955,83,105

0,2056,1956,96,117

0,2057,1957,105,124

0,2058,1958,117,137

0,2059,1959,136,160

0,2060,1960,154,173

0,2061,1961,173,194

0,2062,1962,185,205

0,2063,1963,195,214

0,2064,1964,205,223

0,2065,1965,216,236

0,2066,1966,228,250

0,2067,1967,237,257

0,2068,1968,250,270

0,2069,1969,260,280

0,2070,1970,270,296

0,2071,1971,280,299

0,2072,1972,295,316

0,2073,1973,312,350

0,2074,1974,350,372

0,2075,1975,364,381

0,2076,1976,373,404

0,2077,1977,387,409

0,2078,1978,403,424

0,2079,1979,422,442

0,2080,1980,438,462

0,2081,1981,462,482

0,2082,1982,475,499

0,2083,1983,491,513

0,2084,1984,509,528

0,2085,1985,527,550

0,2086,1986,545,563

0,2087,1987,560,581

0,2088,1988,577,599

0,2089,1989,593,616

0,2090,1990,604,630

0,2091,1991,616,639

0,2092,1992,629,650

0,2093,1993,639,664

0,2094,1994,650,675

0,2095,1995,664,705

0,2096,1996,675,717

0,2097,1997,691,721

0,2098,1998,701,728

0,2099,1999,711,737

0,2100,2000,721,741

0,2101,2001,733,751

0,2102,2002,748,768

0,2103,2003,764,784

0,2104,2004,783,805

0,2105,2005,795,820

0,2106,2006,805,837

0,2107,2007,820,841

0,2108,2008,835,858

0,2109,2009,852,869

0,2110,2010,869,892

0,2111,2011,891,919

0,2112,2012,909,927

0,2113,2013,918,936

0,2114,2014,929,949

0,2115,2015,949,968

0,2116,2016,963,983

0,2117,2017,978,2

0,2118,2018,990,9

0,2119,2019,2,23

0,2120,2020,21,44

0,2121,2021,44,67

0,2122,2022,56,76

0,2123,2023,67,98

0,2124,2024,76,101

0,2125,2025,98,119

0,2126,2026,112,131

0,2127,2027,131,150

0,2128,2028,150,172

0,2129,2029,162,183

0,2130,2030,172,191

0,2131,2031,183,202

0,2132,2032,202,225

0,2133,2033,219,240

0,2134,2034,230,250

0,2135,2035,240,267

0,2136,2036,250,280

0,2137,2037,261,282

0,2138,2038,279,305

0,2139,2039,296,318

0,2140,2040,305,328

0,2141,2041,318,340

0,2142,2042,328,348

0,2143,2043,340,364

0,2144,2044,349,374

0,2145,2045,362,384

0,2146,2046,373,394

0,2147,2047,384,413

0,2148,2048,394,415

0,2149,2049,412,437

0,2150,2050,428,458

0,2151,2051,438,469

0,2152,2052,458,487

0,2153,2053,469,494

0,2154,2054,487,510

0,2155,2055,502,537

0,2156,2056,520,549

0,2157,2057,537,560

0,2158,2058,549,570

0,2159,2059,559,579

0,2160,2060,570,594

0,2161,2061,583,608

0,2162,2062,593,632

0,2164,2063,615,640

0,2665,0,515,563

0,2666,1,528,568

0,2667,2,543,582

0,2668,3,555,593

0,2669,4,567,615

0,2670,5,581,628

0,2671,6,593,642

0,2672,7,613,654

0,2673,8,627,663

0,2674,9,641,677

0,2675,10,653,690

0,2676,11,664,701

0,2677,12,677,714

0,2678,13,689,729

0,2679,14,701,741

0,2680,15,713,764

0,2681,16,729,782

0,2682,17,740,785

0,2683,18,756,794

0,2684,19,766,803

0,2685,20,781,817

0,2686,21,793,827

0,2687,22,803,835

0,2688,23,817,852

0,2689,24,827,858

0,2690,25,837,871

0,2691,26,852,887

0,2692,27,871,900

0,2693,28,887,917

0,2694,29,900,930

0,2695,30,912,947

0,2696,31,927,960

0,2697,32,946,969

0,2698,33,960,995

0,2699,34,969,16

0,2700,35,994,20

0,2701,36,15,37

0,2702,37,30,56

0,2703,38,46,74

0,2704,39,57,82

0,2705,40,74,100

0,2707,41,96,116

0,3464,0,417,458

0,3465,1,431,479

0,3466,2,448,498

0,3467,3,459,504

0,3468,4,479,526

0,3470,5,499,544

0,3471,6,517,567

0,3472,7,525,593

0,3475,8,555,641

0,3476,9,566,644

0,3477,10,585,662

0,3478,11,593,670

0,3479,12,614,670

0,3480,13,628,677

0,3481,14,641,678

0,3482,15,662,913

0,3483,16,673,921

0,3484,17,687,922

0,3485,18,706,928

0,3486,19,719,928

0,3487,20,735,933

0,3488,21,752,933

0,3489,22,769,939

0,3490,23,785,939

0,3491,24,802,946

0,3492,25,819,951

0,3493,26,834,955

0,3494,27,844,958

0,3495,28,867,964

0,3496,29,881,965

0,3497,30,892,970

0,3498,31,910,970

0,3499,32,921,977

0,3500,33,931,977

0,3501,34,943,988

0,3502,35,950,995

0,3503,36,964,995

0,3504,37,974,14

0,3505,38,986,23

0,3506,39,995,26

0,3507,40,10,38

0,3508,41,23,43

0,3509,42,36,70

0,3510,43,45,88

0,3511,44,69,93

0,3512,45,79,105

0,3513,46,88,118

0,3514,47,103,154

0,3515,48,113,156

0,3516,49,154,408

0,3517,50,166,417

0,3518,51,182,417

0,3519,52,199,423

0,3520,53,220,423

0,3521,54,235,427

0,3522,55,250,427

0,3523,56,263,433

0,3524,57,279,433

0,3525,58,303,438

0,3526,59,314,444

0,3527,60,325,444

0,3528,61,340,458

0,3529,62,355,459

0,3530,63,372,474

0,3531,64,387,488

0,3532,65,404,488

0,3533,66,416,494

0,3535,67,438,495

0,3536,68,456,515

0,3537,69,468,551

0,3538,70,476,552

0,3539,71,491,581

0,3540,72,511,614

0,3542,73,550,642

0,3545,74,595,658

0,3546,75,611,662

0,3548,76,642,673

0,3549,77,658,904

0,3550,78,673,910

0,3551,79,686,910

0,3552,80,696,920

0,3553,81,711,928

0,3554,82,737,928

0,3555,83,760,933

0,3556,84,777,933

0,3557,85,787,939

0,3558,86,800,939

0,3559,87,819,944

0,3560,88,836,944

0,3561,89,846,950

0,3562,90,860,957

0,3563,91,876,957

0,3564,92,892,962

0,3565,93,904,962

0,3566,94,919,966

0,3567,95,929,966

0,3568,96,939,974

0,3569,97,950,974

0,3570,98,961,987

0,3571,99,974,998

0,3572,100,986,9

0,3573,101,998,21

0,3574,102,9,31

0,3575,103,21,44

0,3576,104,31,53

0,3577,105,43,63

0,3578,106,54,72

0,3579,107,63,91

0,3580,108,73,95

0,3581,109,91,110

0,3582,110,110,132

0,3583,111,120,145

0,3584,112,131,163

0,3585,113,145,410

0,3586,114,163,417

0,3587,115,180,423

0,3588,116,201,429

0,3589,117,222,429

0,3590,118,234,434

0,3591,119,249,434

0,3592,120,270,440

0,3593,121,288,440

0,3594,122,306,446

0,3595,123,319,453

0,3596,124,335,453

0,3597,125,352,460

0,3598,126,364,460

0,3599,127,384,469

0,3600,128,399,475

0,3601,129,409,476

0,3602,130,419,480

0,3603,131,429,480

0,3604,132,440,488

0,3605,133,452,489

0,3606,134,469,496

0,3607,135,480,510

0,3608,136,495,522

0,3609,137,508,538

0,3610,138,521,544

0,3611,139,538,571

0,3612,140,548,577

0,3613,141,567,599

0,3614,142,577,606

0,3615,143,599,616

0,3616,144,615,637

0,3617,145,632,654

0,3618,146,648,674

0,3619,147,674,910

0,3620,148,697,919

0,3621,149,710,925

0,3622,150,725,925

0,3623,151,740,930

0,3624,152,759,930

0,3625,153,776,936

0,3626,154,791,937

0,3627,155,802,941

0,3628,156,814,944

0,3629,157,826,953

0,3630,158,846,958

0,3631,159,870,958

0,3632,160,882,964

0,3633,161,903,964

0,3634,162,913,970

0,3635,163,924,970

0,3636,164,936,976

0,3637,165,946,979

0,3638,166,958,986

0,3639,167,970,992

0,3640,168,979,0

0,3641,169,992,17

0,3642,170,2,21

0,3643,171,16,39

0,3644,172,27,46

0,3645,173,39,60

0,3646,174,51,71

0,3647,175,68,87

0,3648,176,84,128

0,3649,177,99,132

0,3650,178,127,153

0,3651,179,137,156

0,3652,180,151,171

0,3653,181,166,415

0,3654,182,187,432

0,3655,183,198,432

0,3656,184,214,432

0,3657,185,227,432

0,3658,186,249,433

0,3659,187,260,433

0,3660,188,270,442

0,3661,189,280,450

0,3662,190,298,450

0,3663,191,315,460

0,3664,192,333,461

0,3665,193,349,461

0,3666,194,360,467

0,3667,195,376,468

0,3668,196,387,468

0,3669,197,411,470

0,3671,198,432,477

0,3672,199,444,481

0,3673,200,455,496

0,3674,201,465,506

0,3675,202,476,506

0,3676,203,494,524

0,3677,204,506,557

0,3678,205,523,584

0,3681,206,575,601

0,3682,207,584,614

0,3683,208,597,623

0,3684,209,613,633

0,3685,210,623,648

0,3686,211,634,657

0,3687,212,648,931

0,3688,213,657,938

0,3689,214,681,943

0,3690,215,697,943

0,3691,216,721,948

0,3692,217,737,948

0,3693,218,762,954

0,3694,219,779,954

0,3695,220,803,959

0,3696,221,813,965

0,3697,222,834,965

0,3698,223,850,971

0,3699,224,869,971

0,3700,225,879,978

0,3701,226,901,979

0,3702,227,920,981

0,3703,228,930,988

0,3704,229,942,992

0,3705,230,951,998

0,3706,231,964,4

0,3707,232,975,4

0,3708,233,988,9

0,3709,234,998,26

0,3710,235,9,28

0,3711,236,18,39

0,3712,237,28,48

0,3713,238,39,66

0,3714,239,50,72

0,3715,240,65,91

0,3716,241,85,106

0,3717,242,103,125

0,3718,243,118,137

0,3719,244,137,160

0,3720,245,153,175

0,3721,246,168,195

0,3722,247,178,204

0,3723,248,195,227

0,3724,249,204,237

0,3725,250,219,242

0,3726,251,229,253

0,3727,252,239,261

0,3728,253,253,280

0,3729,254,262,296

0,3730,255,280,304

0,3731,256,296,317

0,3732,257,306,336

0,3733,258,317,342

0,3734,259,331,354

0,3735,260,342,369

0,3736,261,353,379

0,3737,262,369,391

0,3738,263,379,401

0,3739,264,390,410

0,3740,265,401,433

0,3741,266,410,444

0,3742,267,427,454

0,3743,268,444,466

0,3744,269,453,477

0,3745,270,465,487

0,3746,271,476,496

0,3747,272,487,507

0,3748,273,496,533

0,3749,274,508,579

0,3752,275,540,611

0,3753,276,557,612

0,3754,277,574,624

0,3755,278,584,631

0,3756,279,607,635

0,3757,280,614,651

0,3759,281,634,694

0,3760,282,649,700

0,3761,283,693,719

0,3762,284,712,731

0,3763,285,730,757

0,3764,286,745,773

0,3765,287,757,780

0,3766,288,770,792

0,3767,289,780,801

0,3768,290,792,818

0,3769,291,802,828

0,3770,292,815,844

0,3771,293,828,853

0,3772,294,844,879

0,3773,295,855,889

0,3774,296,872,893

0,3775,297,879,903

0,3776,298,889,920

0,3777,299,903,932

0,3778,300,919,944

0,3779,301,931,955

0,3780,302,944,965

0,3781,303,955,980

0,3782,304,965,997

0,3783,305,980,5

0,3784,306,997,16

0,3785,307,16,43

0,3786,308,34,56

0,3787,309,43,65

0,3788,310,56,79

0,3789,311,65,87

0,3790,312,79,98

0,3791,313,97,114

0,3792,314,114,137

0,3793,315,137,156

0,3794,316,153,172

0,3795,317,171,190

0,3796,318,186,213

0,3797,319,197,216

0,3798,320,213,247

