t,s,l,time,newtime
0,0,2372,0,6

0,0,2373,0,34

0,0,2374,0,65

0,0,2375,0,95

0,0,2376,0,127

0,0,2377,0,17

0,0,2378,0,47

0,0,2379,0,79

0,0,2380,0,110

0,0,2381,0,141

0,0,2382,0,27

0,0,2383,0,58

0,0,2384,0,89

0,0,2385,0,120

0,0,2386,0,151

0,0,2387,0,39

0,0,2388,0,69

0,0,2389,0,100

0,0,2390,0,131

0,0,2391,0,161

0,0,2392,0,50

0,0,2393,0,81

0,0,2394,0,112

0,0,2395,0,143

0,0,2396,0,173

0,0,2397,0,52

0,0,2398,0,83

0,0,2399,0,113

0,0,2400,0,144

0,0,2401,0,174

0,0,2402,0,59

0,0,2403,0,89

0,0,2404,0,119

0,0,2405,0,150

0,0,2406,0,182

0,0,2407,0,68

0,0,2408,0,98

0,0,2409,0,128

0,0,2410,0,159

0,0,2411,0,190

0,0,2412,0,75

0,0,2413,0,105

0,0,2414,0,136

0,0,2415,0,168

0,0,2416,0,200

0,0,2417,0,78

0,0,2418,0,108

0,0,2419,0,139

0,0,2420,0,170

0,0,2421,0,201

0,0,2422,0,82

0,0,2423,0,112

0,0,2424,0,144

0,0,2425,0,176

0,0,2426,0,208

0,0,2427,0,97

0,0,2428,0,126

0,0,2429,0,158

0,0,2430,0,189

0,0,2431,0,220

0,0,2432,0,97

0,0,2433,0,126

0,0,2434,0,157

0,0,2435,0,188

0,0,2436,0,218

0,0,2437,0,97

0,0,2438,0,127

0,0,2439,0,158

0,0,2440,0,189

0,0,2441,0,221

0,0,2442,0,106

0,0,2443,0,137

0,0,2444,0,169

0,0,2445,0,199

0,0,2446,0,230

0,0,2447,0,105

0,0,2448,0,135

0,0,2449,0,167

0,0,2450,0,198

0,0,2451,0,230

0,0,2452,0,117

0,0,2453,0,148

0,0,2454,0,178

0,0,2455,0,209

0,0,2456,0,240

0,0,2457,0,125

0,0,2458,0,154

0,0,2459,0,185

0,0,2460,0,218

0,0,2461,0,249

0,0,2462,0,126

0,0,2463,0,155

0,0,2464,0,186

0,0,2465,0,217

0,0,2466,0,246

0,0,2467,0,139

0,0,2468,0,170

0,0,2469,0,201

0,0,2470,0,232

0,0,2471,0,264

0,0,2472,0,151

0,0,2473,0,180

0,0,2474,0,211

0,0,2475,0,242

0,0,2476,0,273

0,0,2477,0,157

0,0,2478,0,186

0,0,2479,0,217

0,0,2480,0,248

0,0,2481,0,280

0,0,2482,0,159

0,0,2483,0,190

0,0,2484,0,221

0,0,2485,0,252

0,0,2486,0,284

0,0,2487,0,168

0,0,2488,0,198

0,0,2489,0,228

0,0,2490,0,260

0,0,2491,0,290

0,0,2492,0,178

0,0,2493,0,209

0,0,2494,0,240

0,0,2495,0,271

0,0,2496,0,302

0,0,2497,0,187

0,0,2498,0,216

0,0,2499,0,247

0,0,2500,0,278

0,0,2501,0,308

0,0,2502,0,196

0,0,2503,0,226

0,0,2504,0,257

0,0,2505,0,288

0,0,2506,0,319

0,0,2507,0,201

0,0,2508,0,231

0,0,2509,0,262

0,0,2510,0,292

0,0,2511,0,323

0,0,2512,0,214

0,0,2513,0,243

0,0,2514,0,275

0,0,2515,0,306

0,0,2516,0,336

0,0,2517,0,218

0,0,2518,0,246

0,0,2519,0,276

0,0,2520,0,307

0,0,2521,0,337

0,0,2522,0,218

0,0,2523,0,247

0,0,2524,0,279

0,0,2525,0,310

0,0,2526,0,340

0,0,2527,0,225

0,0,2528,0,255

0,0,2529,0,286

0,0,2530,0,316

0,0,2531,0,347

0,0,2532,0,230

0,0,2533,0,259

0,0,2534,0,291

0,0,2535,0,322

0,0,2536,0,353

0,0,2537,0,237

0,0,2538,0,267

0,0,2539,0,298

0,0,2540,0,328

0,0,2541,0,359

0,0,2542,0,237

0,0,2543,0,267

0,0,2544,0,297

0,0,2545,0,327

0,0,2546,0,357

0,0,2547,0,242

0,0,2548,0,273

0,0,2549,0,304

0,0,2550,0,334

0,0,2551,0,365

0,0,2552,0,246

0,0,2553,0,276

0,0,2554,0,306

0,0,2555,0,336

0,0,2556,0,367

0,0,2557,0,248

0,0,2558,0,277

0,0,2559,0,308

0,0,2560,0,339

0,0,2561,0,370

0,0,2562,0,252

0,0,2563,0,280

0,0,2564,0,312

0,0,2565,0,342

0,0,2566,0,373

0,0,2567,0,262

0,0,2568,0,292

0,0,2569,0,322

0,0,2570,0,353

0,0,2571,0,385

0,0,2572,0,264

0,0,2573,0,293

0,0,2574,0,323

0,0,2575,0,354

0,0,2576,0,384

0,0,2577,0,273

0,0,2578,0,302

0,0,2579,0,332

0,0,2580,0,362

0,0,2581,0,394

0,0,2582,0,277

0,0,2583,0,306

0,0,2584,0,337

0,0,2585,0,367

0,0,2586,0,398

0,0,2587,0,290

0,0,2588,0,320

0,0,2589,0,351

0,0,2590,0,383

0,0,2591,0,414

0,0,2592,0,298

0,0,2593,0,328

0,0,2594,0,359

0,0,2595,0,389

0,0,2596,0,420

0,0,2597,0,308

0,0,2598,0,338

0,0,2599,0,369

0,0,2600,0,398

0,0,2601,0,429

0,0,2602,0,309

0,0,2603,0,338

0,0,2604,0,370

0,0,2605,0,400

0,0,2606,0,431

0,0,2607,0,311

0,0,2608,0,341

0,0,2609,0,372

0,0,2610,0,403

0,0,2611,0,434

0,0,2612,0,319

0,0,2613,0,348

0,0,2614,0,380

0,0,2615,0,410

0,0,2616,0,442

0,0,2617,0,332

0,0,2618,0,362

0,0,2619,0,392

0,0,2620,0,423

0,0,2621,0,454

0,0,2622,0,335

0,0,2623,0,366

0,0,2624,0,397

0,0,2625,0,428

0,0,2626,0,458

0,0,2627,0,336

0,0,2628,0,367

0,0,2629,0,397

0,0,2630,0,427

0,0,2631,0,457

0,0,2632,0,345

0,0,2633,0,375

0,0,2634,0,406

0,0,2635,0,438

0,0,2636,0,469

0,0,2637,0,356

0,0,2638,0,386

0,0,2639,0,418

0,0,2640,0,448

0,0,2641,0,478

