t,s,l,time,newtime
0,0,0,939,953

0,2,2,961,974

0,3,3,971,984

0,4,4,981,995

0,5,5,991,5

0,6,6,1,12

0,7,7,12,26

0,8,8,26,40

0,9,9,36,50

0,10,10,47,61

0,11,11,58,71

0,12,12,68,82

0,13,13,78,92

0,14,14,89,102

0,15,15,99,114

0,16,16,110,124

0,17,17,120,134

0,18,18,131,145

0,19,19,141,155

0,20,20,152,166

0,21,21,162,176

0,22,22,173,187

0,23,23,183,197

0,24,24,194,208

0,25,25,204,218

0,26,26,215,228

0,27,27,225,239

0,28,28,235,249

0,29,29,246,260

0,30,30,256,270

0,31,31,267,281

0,32,32,278,291

0,33,33,288,302

0,34,34,298,312

0,35,35,309,323

0,36,36,320,333

0,37,37,330,344

0,38,38,340,354

0,39,39,350,363

0,40,40,360,374

0,41,41,370,384

0,42,42,381,395

0,43,43,391,405

0,44,44,402,416

0,45,45,412,426

0,46,46,422,436

0,47,47,433,447

0,48,48,443,457

0,49,49,453,467

0,50,50,464,477

0,51,51,474,488

0,52,52,484,499

0,53,53,495,509

0,54,54,506,519

0,55,55,516,530

0,56,56,527,541

0,57,57,537,551

0,58,58,548,562

0,59,59,558,572

0,60,60,569,582

0,61,61,579,593

0,62,62,589,603

0,63,63,600,614

0,64,64,610,624

0,65,65,621,635

0,66,66,631,645

0,67,67,641,655

0,68,68,652,665

0,69,69,662,676

0,70,70,672,686

0,71,71,683,696

0,72,72,693,707

0,73,73,704,718

0,74,74,714,728

0,75,75,725,738

0,76,76,735,749

0,77,77,745,764

0,78,78,755,769

0,79,79,765,779

0,80,80,775,789

0,81,81,786,799

0,82,82,796,810

0,83,83,806,820

0,84,84,817,831

0,85,85,827,841

0,86,86,837,851

0,87,87,848,862

0,88,88,858,872

0,89,89,868,882

0,90,90,879,893

0,91,91,889,903

0,92,92,900,913

0,93,93,910,924

0,94,94,920,934

0,95,95,931,944

0,96,96,941,955

0,97,97,951,965

0,98,98,962,976

0,99,99,972,986

0,100,100,983,997

0,101,101,994,8

0,102,102,4,18

0,103,103,15,29

0,104,104,26,42

0,105,105,36,51

0,106,106,46,60

0,107,107,57,71

0,108,108,68,82

0,109,109,78,92

0,110,110,89,103

0,111,111,99,113

0,112,112,110,124

0,113,113,120,134

0,114,114,130,145

0,115,115,141,155

0,116,116,151,166

0,117,117,162,176

0,118,118,172,186

0,119,119,183,197

0,120,120,193,208

0,121,121,204,218

0,122,122,214,228

0,123,123,224,238

0,124,124,234,248

0,125,125,245,259

0,126,126,255,270

0,127,127,266,280

0,128,128,276,290

0,129,129,286,300

0,130,130,296,311

0,131,131,307,321

0,132,132,317,331

0,133,133,327,343

0,134,134,339,353

0,135,135,349,364

0,136,136,360,374

0,137,137,370,385

0,138,138,381,395

0,139,139,391,406

0,140,140,402,416

0,141,141,413,427

0,142,142,423,437

0,143,143,433,448

0,144,144,444,458

0,145,145,454,468

0,146,146,465,480

0,147,147,476,490

0,148,148,486,500

0,149,149,497,511

0,150,150,507,522

0,151,151,518,532

0,152,152,528,542

0,153,153,539,553

0,154,154,549,563

0,155,155,559,574

0,156,156,570,584

0,157,157,581,595

0,158,158,591,605

0,159,159,601,615

0,160,160,612,626

0,161,161,622,636

0,162,162,633,647

0,163,163,643,657

0,164,164,654,668

0,165,165,665,679

0,166,166,675,690

0,167,167,686,700

0,168,168,697,711

0,169,169,707,721

0,170,170,718,732

0,171,171,728,742

0,172,172,739,753

0,173,173,749,763

0,174,174,760,774

0,175,175,770,785

0,176,176,781,795

0,177,177,791,806

0,178,178,801,816

0,179,179,812,826

0,180,180,823,837

0,181,181,833,847

0,182,182,843,858

0,183,183,854,868

0,184,184,864,878

0,185,185,875,889

0,186,186,885,899

0,187,187,895,910

0,188,188,906,920

0,189,189,916,930

0,190,190,927,941

0,191,191,937,951

0,192,192,947,961

0,193,193,958,972

0,194,194,968,983

0,195,195,979,993

0,196,196,989,4

0,197,197,0,14

0,198,198,10,24

0,199,199,21,35

0,200,200,31,45

0,201,201,41,55

0,202,202,51,65

0,203,203,62,76

0,204,204,72,86

0,205,205,83,97

0,206,206,93,107

0,207,207,104,118

0,208,208,114,128

0,209,209,125,139

0,210,210,135,149

0,211,211,146,160

0,212,212,156,170

0,213,213,167,181

0,214,214,177,191

0,215,215,188,202

0,216,216,198,212

0,217,217,208,223

0,218,218,219,233

0,219,219,230,244

0,220,220,240,254

0,221,221,251,265

0,222,222,261,275

0,223,223,271,288

0,224,224,284,298

0,225,225,294,309

0,226,226,305,319

0,227,227,315,330

0,228,228,326,340

0,229,229,337,351

0,230,230,347,361

0,231,231,357,372

0,232,232,368,382

0,233,233,378,392

0,234,234,389,403

0,235,235,399,413

0,236,236,410,424

0,237,237,420,434

0,238,238,431,445

0,239,239,441,455

0,240,240,451,466

0,241,241,462,476

0,242,242,472,486

0,243,243,483,497

0,244,244,493,508

0,245,245,504,518

0,246,246,514,528

0,247,247,524,538

0,248,248,535,549

0,249,249,545,559

0,250,250,555,570

0,251,251,566,580

0,252,252,576,591

0,253,253,587,602

0,254,254,598,612

0,255,255,608,623

0,256,256,619,633

0,257,257,629,643

0,258,258,640,654

0,259,259,650,664

0,260,260,661,675

0,261,261,671,685

0,262,262,681,696

0,263,263,692,706

0,264,264,702,717

0,265,265,713,728

0,266,266,724,738

0,267,267,734,748

0,268,268,745,759

0,269,269,755,769

0,270,270,766,780

0,271,271,776,790

0,272,272,786,801

0,273,273,797,811

0,274,274,807,821

0,275,275,818,832

0,276,276,828,842

0,277,277,839,853

0,278,278,849,863

0,279,279,859,873

0,280,280,870,884

0,281,281,880,894

0,282,282,891,905

0,283,283,901,916

0,284,284,912,926

0,285,285,922,937

0,286,286,933,947

0,287,287,943,958

0,288,288,955,969

0,289,289,966,980

0,290,290,976,991

0,291,291,987,1

0,292,292,998,12

0,293,293,8,22

0,294,294,19,33

0,295,295,30,44

0,296,296,41,54

0,297,297,51,65

0,298,298,61,75

0,299,299,72,86

0,300,300,82,96

0,301,301,93,106

0,302,302,103,117

0,303,303,113,128

0,304,304,124,138

0,305,305,134,149

0,306,306,145,159

0,307,307,155,170

0,308,308,166,180

0,309,309,177,191

0,310,310,187,201

0,311,311,197,212

0,312,312,208,222

0,313,313,218,233

0,314,314,229,243

0,315,315,239,253

0,316,316,250,264

0,317,317,260,274

0,318,318,271,285

0,319,319,281,295

0,320,320,292,306

0,321,321,302,316

0,322,322,313,327

0,323,323,323,337

0,324,324,333,347

0,325,325,344,358

0,326,326,355,369

0,327,327,365,379

0,328,328,376,390

0,329,329,386,400

0,330,330,396,411

0,331,331,407,423

0,332,332,419,433

0,333,333,429,443

0,334,334,440,454

0,335,335,450,464

0,336,336,461,475

0,337,337,471,485

0,338,338,482,496

0,339,339,492,507

0,340,340,502,516

0,341,341,513,528

0,342,342,524,538

0,343,343,534,549

0,344,344,545,559

0,345,345,555,569

0,346,346,566,580

0,347,347,576,590

0,348,348,587,601

0,349,349,597,611

0,350,350,608,622

0,351,351,618,632

0,352,352,629,643

0,353,353,640,654

0,354,354,650,664

0,355,355,661,675

0,356,356,671,685

0,357,357,682,696

0,358,358,692,706

0,359,359,703,717

0,360,360,713,727

0,361,361,724,738

0,362,362,734,748

0,363,363,744,758

0,364,364,755,769

0,365,365,765,779

0,366,366,776,790

0,367,367,786,800

0,368,368,797,811

0,369,369,807,826

0,370,370,817,831

0,371,371,827,841

0,372,372,837,851

0,373,373,848,862

0,374,374,858,872

0,375,375,868,883

0,376,376,879,893

0,377,377,889,904

0,378,378,900,914

0,379,379,911,925

0,380,380,921,935

0,381,381,931,946

0,382,382,942,956

0,383,383,952,966

0,384,384,963,977

0,385,385,973,987

0,386,386,983,998

0,387,387,994,8

0,388,388,4,18

0,389,389,15,29

0,390,390,25,39

0,391,391,35,49

0,392,392,45,59

0,393,393,56,69

0,394,394,66,80

0,395,395,76,91

0,396,396,87,101

0,397,397,98,112

0,398,398,108,123

0,399,399,119,133

0,400,400,129,144

0,401,401,140,154

0,402,402,150,164

0,403,403,161,175

0,404,404,172,186

0,405,405,182,196

0,406,406,193,207

0,407,407,203,217

0,408,408,213,228

0,409,409,224,238

0,410,410,235,249

0,411,411,245,259

0,412,412,255,270

0,413,413,266,280

0,414,414,276,290

0,415,415,287,301

0,416,416,297,311

0,417,417,308,322

0,418,418,318,332

0,419,419,328,343

0,420,420,339,353

0,421,421,349,364

0,422,422,360,374

0,423,423,370,384

0,424,424,381,395

0,425,425,391,405

0,426,426,402,416

0,427,427,412,426

0,428,428,423,437

0,429,429,433,447

0,430,430,444,458

0,431,431,454,468

0,432,432,465,479

0,433,433,475,489

0,434,434,486,500

0,435,435,496,510

0,436,436,506,521

0,437,437,517,531

0,438,438,528,542

0,439,439,538,552

0,440,440,548,563

0,441,441,559,573

0,442,442,570,584

0,443,443,580,594

0,444,444,590,605

0,445,445,601,615

0,446,446,611,626

0,447,447,622,636

0,448,448,632,646

0,449,449,643,657

0,450,450,653,667

0,451,451,664,678

0,452,452,674,688

0,453,453,685,699

0,454,454,695,709

0,455,455,705,720

0,456,456,716,730

0,457,457,726,740

0,458,458,737,751

0,459,459,747,761

0,460,460,758,772

0,461,461,768,782

0,462,462,779,793

0,463,463,789,803

0,464,464,799,813

0,465,465,810,825

0,466,466,821,835

0,467,467,831,846

0,468,468,842,856

0,469,469,852,866

0,470,470,863,877

0,471,471,873,887

0,472,472,884,899

0,473,473,894,908

0,474,474,905,919

0,475,475,915,930

0,476,476,926,940

0,477,477,936,950

0,478,478,947,961

0,479,479,957,971

0,480,480,968,982

0,481,481,978,992

0,482,482,989,3

0,483,483,999,13

0,484,484,10,23

0,485,485,20,34

0,486,486,30,44

0,487,487,41,55

0,488,488,51,65

0,489,489,62,76

0,490,490,72,86

0,491,491,83,97

0,492,492,93,107

0,493,493,104,118

0,494,494,114,129

0,495,495,125,139

0,496,496,135,149

0,497,497,146,159

0,498,498,156,170

0,499,499,166,180

0,500,500,177,191

0,501,501,187,202

0,502,502,198,212

0,503,503,208,222

0,504,504,219,233

0,505,505,229,244

0,506,506,240,254

0,507,507,250,264

0,508,508,261,275

0,509,509,271,285

0,510,510,281,295

0,511,511,292,306

0,512,512,302,316

0,513,513,313,327

0,514,514,323,337

0,515,515,333,347

0,516,516,344,358

0,517,517,354,368

0,518,518,365,379

0,519,519,375,390

0,520,520,386,400

0,521,521,399,414

0,522,522,409,424

0,523,523,420,435

0,524,524,431,445

0,525,525,441,455

0,526,526,452,466

0,527,527,462,476

0,528,528,473,487

0,529,529,483,497

0,530,530,493,508

0,531,531,504,518

0,532,532,514,528

0,533,533,525,539

0,534,534,535,549

0,535,535,546,560

0,536,536,556,570

0,537,537,567,581

0,538,538,577,591

0,539,539,587,602

0,540,540,598,612

0,541,541,609,623

0,542,542,619,633

0,543,543,630,644

0,544,544,640,654

0,545,545,650,665

0,546,546,661,675

0,547,547,671,686

0,548,548,682,696

0,549,549,692,707

0,550,550,703,717

0,551,551,713,727

0,552,552,724,738

0,553,553,734,748

0,554,554,745,759

0,555,555,755,769

0,556,556,765,779

0,557,557,776,790

0,558,558,786,800

0,559,559,797,811

0,560,560,807,821

0,561,561,818,832

0,562,562,828,842

0,563,563,838,852

0,564,564,849,863

0,565,565,859,873

0,566,566,870,884

0,567,567,880,894

0,568,568,891,905

0,569,569,901,915

0,570,570,912,926

0,571,571,922,936

0,572,572,933,947

0,573,573,943,957

0,574,574,953,973

0,575,575,963,977

0,576,576,973,987

0,577,577,983,997

0,578,578,994,8

0,579,579,4,18

0,580,580,15,30

0,581,581,26,40

0,582,582,36,51

0,583,583,47,61

0,584,584,57,71

0,585,585,67,82

0,586,586,78,92

0,587,587,88,102

0,588,588,99,113

0,589,589,109,124

0,590,590,120,134

0,591,591,130,144

0,592,592,141,155

0,593,593,151,166

0,594,594,162,176

0,595,595,172,187

0,596,596,183,197

0,597,597,193,208

0,598,598,204,218

0,599,599,214,228

0,600,600,225,239

0,601,601,235,250

0,602,602,246,260

0,603,603,256,271

0,604,604,267,281

0,605,605,277,292

0,606,606,288,302

0,607,607,298,312

0,608,608,309,323

0,609,609,319,333

0,610,610,330,345

0,611,611,341,355

0,612,612,351,366

0,613,613,362,376

0,614,614,372,387

0,615,615,383,397

0,616,616,394,408

0,617,617,404,418

0,618,618,415,429

0,619,619,425,439

0,620,620,436,450

0,621,621,446,460

0,622,622,456,471

0,623,623,467,481

0,624,624,477,492

0,625,625,488,502

0,626,626,498,512

0,627,627,509,523

0,628,628,519,534

0,629,629,530,544

0,630,630,540,555

0,631,631,551,567

0,632,632,563,577

0,633,633,573,588

0,634,634,584,598

0,635,635,594,608

0,636,636,605,620

0,637,637,616,630

0,638,638,626,640

0,639,639,637,652

0,640,640,648,663

0,641,641,659,673

0,642,642,670,684

0,643,643,680,695

0,644,644,691,705

0,645,645,701,715

0,646,646,712,726

0,647,647,722,736

0,648,648,733,747

0,649,649,743,757

0,650,650,754,768

0,651,651,765,779

0,652,652,775,789

0,653,653,786,800

0,654,654,796,810

0,655,655,806,821

0,656,656,817,831

0,657,657,827,841

0,658,658,838,852

0,659,659,848,862

0,660,660,859,873

0,661,661,869,883

0,662,662,880,894

0,663,663,890,904

0,664,664,901,914

0,665,665,911,925

0,666,666,921,935

0,667,667,932,946

0,668,668,942,956

0,669,669,953,967

0,670,670,963,978

0,671,671,974,988

0,672,672,984,998

0,673,673,994,9

0,674,674,5,18

0,675,675,15,29

0,676,676,26,40

0,677,677,36,50

0,678,678,47,60

0,679,679,57,71

0,680,680,68,81

0,681,681,78,92

0,682,682,88,102

0,683,683,99,113

0,684,684,109,123

0,685,685,120,134

0,686,686,130,144

0,687,687,141,155

0,688,688,151,165

0,689,689,162,176

0,690,690,172,186

0,691,691,182,196

0,692,692,193,208

0,693,693,204,218

0,694,694,215,228

0,695,695,225,241

0,696,696,237,251

0,697,697,248,262

0,698,698,258,272

0,699,699,269,283

0,700,700,279,293

0,701,701,289,304

0,702,702,300,314

0,703,703,310,324

0,704,704,321,335

0,705,705,331,346

0,706,706,342,356

0,707,707,353,367

0,708,708,363,377

0,709,709,374,388

0,710,710,384,399

0,711,711,395,409

0,712,712,405,420

0,713,713,416,430

0,714,714,426,441

0,715,715,437,453

0,716,716,449,463

0,717,717,460,474

0,718,718,470,484

0,719,719,480,494

0,720,720,491,505

0,721,721,501,515

0,722,722,512,526

0,723,723,522,536

0,724,724,532,546

0,725,725,543,557

0,726,726,553,567

0,727,727,564,578

0,728,728,574,588

0,729,729,585,599

0,730,730,595,609

0,731,731,606,620

0,732,732,616,630

0,733,733,627,641

0,734,734,637,651

0,735,735,647,662

0,736,736,658,672

0,737,737,669,683

0,738,738,679,693

0,739,739,689,704

0,740,740,700,714

0,741,741,710,724

0,742,742,721,735

0,743,743,731,745

0,744,744,742,756

0,745,745,752,766

0,746,746,763,777

0,747,747,773,788

0,748,748,784,798

0,749,749,794,808

0,750,750,805,819

0,751,751,815,829

0,752,752,825,839

0,753,753,836,850

0,754,754,846,860

0,755,755,856,871

0,756,756,867,881

0,757,757,878,892

0,758,758,888,902

0,759,759,899,913

0,760,760,909,924

0,761,761,920,934

0,762,762,930,944

0,763,763,941,955

0,764,764,951,965

0,765,765,962,976

0,766,766,972,986

0,767,767,982,997

0,768,768,993,7

0,769,769,3,17

0,770,770,14,28

0,771,771,24,38

0,772,772,35,49

0,773,773,45,59

0,774,774,56,69

0,775,775,66,80

0,776,776,76,90

0,777,777,87,101

0,778,778,97,110

0,779,779,107,121

0,780,780,117,132

0,781,781,128,142

0,782,782,138,153

0,783,783,149,163

0,784,784,159,173

0,785,785,170,184

0,786,786,180,194

0,787,787,191,205

0,788,788,201,215

0,789,789,212,226

0,790,790,222,236

0,791,791,233,247

0,792,792,243,257

0,793,793,254,268

0,794,794,264,278

0,795,795,275,289

0,796,796,285,300

0,797,797,296,310

0,798,798,306,320

0,799,799,317,331

0,800,800,327,341

0,801,801,338,352

0,802,802,348,362

0,803,803,358,373

0,804,804,369,383

0,805,805,379,393

0,806,806,390,404

0,807,807,400,414

0,808,808,411,426

0,809,809,422,436

0,810,810,432,447

0,811,811,443,457

0,812,812,453,468

0,813,813,464,478

0,814,814,474,488

0,815,815,485,499

0,816,816,495,509

0,817,817,506,520

0,818,818,516,530

0,819,819,527,541

0,820,820,537,551

0,821,821,548,562

0,822,822,558,572

0,823,823,568,582

0,824,824,579,593

0,825,825,589,603

0,826,826,600,614

0,827,827,610,624

0,828,828,621,635

0,829,829,631,645

0,830,830,642,656

0,831,831,652,666

0,832,832,663,677

0,833,833,673,687

0,834,834,684,698

0,835,835,694,708

0,836,836,705,719

0,837,837,715,729

0,838,838,725,740

0,839,839,736,750

0,840,840,746,761

0,841,841,757,771

0,842,842,768,782

0,843,843,778,792

0,844,844,789,803

0,845,845,799,813

0,846,846,810,824

0,847,847,820,835

0,848,848,831,845

0,849,849,841,855

0,850,850,852,866

0,851,851,862,876

0,852,852,873,887

0,853,853,883,897

0,854,854,894,908

0,855,855,904,918

0,856,856,915,929

0,857,857,925,939

0,858,858,935,949

0,859,859,946,960

0,860,860,956,970

0,861,861,967,981

0,862,862,977,991

0,863,863,987,1

0,864,864,998,12

0,865,865,8,22

0,866,866,19,33

0,867,867,29,43

0,868,868,40,53

0,869,869,50,64

0,870,870,60,74

0,871,871,71,85

0,872,872,81,95

0,873,873,92,106

0,874,874,102,116

0,875,875,112,127

0,876,876,123,138

0,877,877,134,148

0,878,878,144,158

0,879,879,155,169

0,880,880,165,180

0,881,881,176,190

0,882,882,186,200

0,883,883,197,211

0,884,884,207,221

0,885,885,218,232

0,886,886,228,242

0,887,887,239,253

0,888,888,249,263

0,889,889,260,274

0,890,890,270,284

0,891,891,280,295

0,892,892,291,305

0,893,893,301,315

0,894,894,312,326

0,895,895,322,336

0,896,896,332,346

0,897,897,343,358

0,898,898,354,368

0,899,899,364,379

0,900,900,375,389

0,901,901,385,400

0,902,902,396,410

0,903,903,407,420

0,904,904,417,431

0,905,905,427,441

0,906,906,438,452

0,907,907,448,462

0,908,908,458,473

0,909,909,469,483

0,910,910,479,494

0,911,911,490,504

0,912,912,500,514

0,913,913,511,525

0,914,914,521,535

0,915,915,532,546

0,916,916,542,556

0,917,917,553,567

0,918,918,563,577

0,919,919,573,587

0,920,920,584,598

0,921,921,594,608

0,922,922,605,619

0,923,923,615,629

0,924,924,626,640

0,925,925,636,650

0,926,926,647,661

0,927,927,657,671

0,928,928,667,681

0,929,929,678,692

0,930,930,688,702

0,931,931,699,713

0,932,932,709,723

0,933,933,719,734

0,934,934,730,744

0,935,935,740,754

0,936,936,751,765

0,937,937,761,775

0,938,938,772,786

0,939,939,782,797

0,940,940,793,808

0,941,941,803,818

0,942,942,814,828

0,943,943,825,839

0,944,944,835,849

0,945,945,845,860

0,946,946,856,870

0,947,947,867,881

0,948,948,877,891

0,949,949,888,902

0,950,950,898,912

0,951,951,908,922

0,952,952,919,933

0,953,953,929,943

0,954,954,940,954

0,955,955,950,964

0,956,956,960,974

0,957,957,970,984

0,958,958,981,994

0,959,959,991,5

0,960,960,2,15

0,961,961,12,26

0,962,962,22,37

0,963,963,33,47

0,964,964,43,57

0,965,965,54,67

0,966,966,64,78

0,967,967,74,88

0,968,968,84,98

0,969,969,95,109

0,970,970,105,119

0,971,971,116,130

0,972,972,126,140

0,973,973,137,151

0,974,974,147,161

0,975,975,158,172

0,976,976,168,183

0,977,977,179,193

0,978,978,189,204

0,979,979,200,214

0,980,980,210,226

0,981,981,221,237

0,982,982,233,247

0,983,983,243,257

0,984,984,254,268

0,985,985,264,278

0,986,986,275,289

0,987,987,285,299

0,988,988,295,309

0,989,989,306,320

0,990,990,316,330

0,991,991,327,341

0,992,992,337,351

0,993,993,347,362

0,994,994,358,372

0,995,995,369,383

0,996,996,379,393

0,997,997,390,405

0,998,998,400,415

0,999,999,411,425

0,1000,1000,422,436

0,1001,1001,432,447

0,1002,1002,443,457

0,1003,1003,453,468

0,1004,1004,464,478

0,1005,1005,475,489

0,1006,1006,485,500

0,1007,1007,496,511

0,1008,1008,507,521

0,1009,1009,517,532

0,1010,1010,528,542

0,1011,1011,538,553

0,1012,1012,549,564

0,1013,1013,559,574

0,1014,1014,570,584

0,1015,1015,580,595

0,1016,1016,591,605

0,1017,1017,601,616

0,1018,1018,612,626

0,1019,1019,622,637

0,1020,1020,633,647

0,1021,1021,643,658

0,1022,1022,654,668

0,1023,1023,664,679

0,1024,1024,675,689

0,1025,1025,685,700

0,1026,1026,696,710

0,1027,1027,706,720

0,1028,1028,717,731

0,1029,1029,727,742

0,1030,1030,738,752

0,1031,1031,748,763

0,1032,1032,759,773

0,1033,1033,769,784

0,1034,1034,780,795

0,1035,1035,791,805

0,1036,1036,801,816

0,1037,1037,812,826

0,1038,1038,822,837

0,1039,1039,833,849

0,1040,1040,845,859

0,1041,1041,855,870

0,1042,1042,866,880

0,1043,1043,876,891

0,1044,1044,887,901

0,1045,1045,898,912

0,1046,1046,908,923

0,1047,1047,919,933

0,1048,1048,929,944

0,1049,1049,940,954

0,1050,1050,950,965

0,1051,1051,961,975

0,1052,1052,971,986

0,1053,1053,982,997

0,1054,1054,993,7

0,1055,1055,3,17

0,1056,1056,14,28

0,1057,1057,24,39

0,1058,1058,35,51

0,1059,1059,47,61

0,1060,1060,57,72

0,1061,1061,68,82

0,1062,1062,79,93

0,1063,1063,89,104

0,1064,1064,100,114

0,1065,1065,110,125

0,1066,1066,121,135

0,1067,1067,131,146

0,1068,1068,142,157

0,1069,1069,153,167

0,1070,1070,163,178

0,1071,1071,174,188

0,1072,1072,184,199

0,1073,1073,195,210

0,1074,1074,206,220

0,1075,1075,216,231

0,1076,1076,227,241

0,1077,1077,237,252

0,1078,1078,248,262

0,1079,1079,258,273

0,1080,1080,269,283

0,1081,1081,279,294

0,1082,1082,290,304

0,1083,1083,300,315

0,1084,1084,311,325

0,1085,1085,321,336

0,1086,1086,332,346

0,1087,1087,342,357

0,1088,1088,353,367

0,1089,1089,363,378

0,1090,1090,374,388

0,1091,1091,384,399

0,1092,1092,395,409

0,1093,1093,405,420

0,1094,1094,416,430

0,1095,1095,426,441

0,1096,1096,437,451

0,1097,1097,447,462

0,1098,1098,458,472

0,1099,1099,468,483

0,1100,1100,479,494

0,1101,1101,489,504

0,1102,1102,500,515

0,1103,1103,510,525

0,1104,1104,521,535

0,1105,1105,531,546

0,1106,1106,542,556

0,1107,1107,552,567

0,1108,1108,563,578

0,1109,1109,574,588

0,1110,1110,584,600

0,1111,1111,596,610

0,1112,1112,606,621

0,1113,1113,617,631

0,1114,1114,627,642

0,1115,1115,638,652

0,1116,1116,649,663

0,1117,1117,660,675

0,1118,1118,671,686

0,1119,1119,682,696

0,1120,1120,692,707

0,1121,1121,703,718

0,1122,1122,714,728

0,1123,1123,724,739

0,1124,1124,735,749

0,1125,1125,745,759

0,1126,1126,755,770

0,1127,1127,766,780

0,1128,1128,776,791

0,1129,1129,787,801

0,1130,1130,797,812

0,1131,1131,808,823

0,1132,1132,819,833

0,1133,1133,829,844

0,1134,1134,840,854

0,1135,1135,850,865

0,1136,1136,861,875

0,1137,1137,871,887

0,1138,1138,883,897

0,1139,1139,893,908

0,1140,1140,904,918

0,1141,1141,914,929

0,1142,1142,925,940

0,1143,1143,936,950

0,1144,1144,946,961

0,1145,1145,957,971

0,1146,1146,967,982

0,1147,1147,978,992

0,1148,1148,989,3

0,1149,1149,999,14

0,1150,1150,10,24

0,1151,1151,20,34

0,1152,1152,31,45

0,1153,1153,41,56

0,1154,1154,52,66

0,1155,1155,62,77

0,1156,1156,73,87

0,1157,1157,83,97

0,1158,1158,94,108

0,1159,1159,104,120

0,1160,1160,116,130

0,1161,1161,126,141

0,1162,1162,137,152

0,1163,1163,148,162

0,1164,1164,158,174

0,1165,1165,169,184

0,1166,1166,180,195

0,1167,1167,191,205

0,1168,1168,201,215

0,1169,1169,211,226

0,1170,1170,222,237

0,1171,1171,233,247

0,1172,1172,243,257

0,1173,1173,254,268

0,1174,1174,264,279

0,1175,1175,275,289

0,1176,1176,285,300

0,1177,1177,296,310

0,1178,1178,306,320

0,1179,1179,317,331

0,1180,1180,327,341

0,1181,1181,338,352

0,1182,1182,348,363

0,1183,1183,359,373

0,1184,1184,369,384

0,1185,1185,380,394

0,1186,1186,390,405

0,1187,1187,401,415

0,1188,1188,411,426

0,1189,1189,422,436

0,1190,1190,432,447

0,1191,1191,443,457

0,1192,1192,453,467

0,1193,1193,463,479

0,1194,1194,475,489

0,1195,1195,485,500

0,1196,1196,495,510

0,1197,1197,506,520

0,1198,1198,516,531

0,1199,1199,526,541

0,1200,1200,537,551

0,1201,1201,547,562

0,1202,1202,558,573

0,1203,1203,568,585

0,1204,1204,581,595

0,1205,1205,591,606

0,1206,1206,602,617

0,1207,1207,613,627

0,1208,1208,623,638

0,1209,1209,633,648

0,1210,1210,644,658

0,1211,1211,654,669

0,1212,1212,664,679

0,1213,1213,675,690

0,1214,1214,686,700

0,1215,1215,696,711

0,1216,1216,707,722

0,1217,1217,718,732

0,1218,1218,728,743

0,1219,1219,739,753

0,1220,1220,749,764

0,1221,1221,760,775

0,1222,1222,771,785

0,1223,1223,781,796

0,1224,1224,792,806

0,1225,1225,802,817

0,1226,1226,813,827

0,1227,1227,823,838

0,1228,1228,834,848

0,1229,1229,844,859

0,1230,1230,855,870

0,1231,1231,865,880

0,1232,1232,876,890

0,1233,1233,886,901

0,1234,1234,897,911

0,1235,1235,907,922

0,1236,1236,918,932

0,1237,1237,928,943

0,1238,1238,939,954

0,1239,1239,950,964

0,1240,1240,961,975

0,1241,1241,971,986

0,1242,1242,982,997

0,1243,1243,992,7

0,1244,1244,3,17

0,1245,1245,14,28

0,1246,1246,24,38

0,1247,1247,35,49

0,1248,1248,45,59

0,1249,1249,56,70

0,1250,1250,66,80

0,1251,1251,77,91

0,1252,1252,87,101

0,1253,1253,98,112

0,1254,1254,108,124

0,1255,1255,120,134

0,1256,1256,130,145

0,1257,1257,141,156

0,1258,1258,152,166

0,1259,1259,162,177

0,1260,1260,173,187

0,1261,1261,184,198

0,1262,1262,194,209

0,1263,1263,205,219

0,1264,1264,215,230

0,1265,1265,226,240

0,1266,1266,237,251

0,1267,1267,247,262

0,1268,1268,258,272

0,1269,1269,268,283

0,1270,1270,279,294

0,1271,1271,289,304

0,1272,1272,300,315

0,1273,1273,311,326

0,1274,1274,322,336

0,1275,1275,332,347

0,1276,1276,343,357

0,1277,1277,353,368

0,1278,1278,364,378

0,1279,1279,374,389

0,1280,1280,385,400

0,1281,1281,396,410

0,1282,1282,406,421

0,1283,1283,417,431

0,1284,1284,427,442

0,1285,1285,438,453

0,1286,1286,448,463

0,1287,1287,459,473

0,1288,1288,469,484

0,1289,1289,480,495

0,1290,1290,490,505

0,1291,1291,501,516

0,1292,1292,512,526

0,1293,1293,522,537

0,1294,1294,533,547

0,1295,1295,543,558

0,1296,1296,554,569

0,1297,1297,565,579

0,1298,1298,575,589

0,1299,1299,586,600

0,1300,1300,596,611

0,1301,1301,607,621

0,1302,1302,617,632

0,1303,1303,628,642

0,1304,1304,638,653

0,1305,1305,649,663

0,1306,1306,659,674

0,1307,1307,670,684

0,1308,1308,680,695

0,1309,1309,691,705

0,1310,1310,701,716

0,1311,1311,712,726

0,1312,1312,722,737

0,1313,1313,733,747

0,1314,1314,743,758

0,1315,1315,754,771

0,1316,1316,767,781

0,1317,1317,777,792

0,1318,1318,788,802

0,1319,1319,798,813

0,1320,1320,809,823

0,1321,1321,819,834

0,1322,1322,830,844

0,1323,1323,840,856

0,1324,1324,852,866

0,1325,1325,862,877

0,1326,1326,873,887

0,1327,1327,883,898

0,1328,1328,894,908

0,1329,1329,904,919

0,1330,1330,915,929

0,1331,1331,925,940

0,1332,1332,936,950

0,1333,1333,946,961

0,1334,1334,957,972

0,1335,1335,968,982

0,1336,1336,978,993

0,1337,1337,989,3

0,1338,1338,999,14

0,1339,1339,10,24

0,1340,1340,20,34

0,1341,1341,31,45

0,1342,1342,41,55

0,1343,1343,52,66

0,1344,1344,62,77

0,1345,1345,73,87

0,1346,1346,83,98

0,1347,1347,94,108

0,1348,1348,104,119

0,1349,1349,115,129

0,1350,1350,125,140

0,1351,1351,136,150

0,1352,1352,146,161

0,1353,1353,157,171

0,1354,1354,167,182

0,1355,1355,178,192

0,1356,1356,188,203

0,1357,1357,199,213

0,1358,1358,209,224

0,1359,1359,220,235

0,1360,1360,231,245

0,1361,1361,241,258

0,1362,1362,254,268

0,1363,1363,264,279

0,1364,1364,275,289

0,1365,1365,286,300

0,1366,1366,296,311

0,1367,1367,307,321

0,1368,1368,317,331

0,1369,1369,328,342

0,1370,1370,338,353

0,1371,1371,349,363

0,1372,1372,359,374

0,1373,1373,370,385

0,1374,1374,381,395

0,1375,1375,391,406

0,1376,1376,402,416

0,1377,1377,412,427

0,1378,1378,423,437

0,1379,1379,433,448

0,1380,1380,444,458

0,1381,1381,454,469

0,1382,1382,465,479

0,1383,1383,475,490

0,1384,1384,486,502

0,1385,1385,498,512

0,1386,1386,508,523

0,1387,1387,519,533

0,1388,1388,529,545

0,1389,1389,540,555

0,1390,1390,551,566

0,1391,1391,561,576

0,1392,1392,572,586

0,1393,1393,582,597

0,1394,1394,593,607

0,1395,1395,603,621

0,1396,1396,614,629

0,1397,1397,629,643

0,1398,1398,639,654

0,1399,1399,650,664

0,1400,1400,660,675

0,1401,1401,671,685

0,1402,1402,682,696

0,1403,1403,692,706

0,1404,1404,703,717

0,1405,1405,713,728

0,1406,1406,723,738

0,1407,1407,734,754

0,1408,1408,744,762

0,1409,1409,754,769

0,1410,1410,769,783

0,1411,1411,779,794

0,1412,1412,790,804

0,1413,1413,800,815

0,1414,1414,811,825

0,1415,1415,822,836

0,1416,1416,832,846

0,1417,1417,843,857

0,1418,1418,853,868

0,1419,1419,864,878

0,1420,1420,874,889

0,1421,1421,885,899

0,1422,1422,895,910

0,1423,1423,906,921

0,1424,1424,917,931

0,1425,1425,927,942

0,1426,1426,938,952

0,1427,1427,948,963

0,1428,1428,959,973

0,1429,1429,969,984

0,1430,1430,980,994

0,1431,1431,990,5

0,1432,1432,1,15

0,1433,1433,11,25

0,1434,1434,21,36

0,1435,1435,32,46

0,1436,1436,42,56

0,1437,1437,52,66

0,1438,1438,63,77

0,1439,1439,73,87

0,1440,1440,84,98

0,1441,1441,94,109

0,1442,1442,105,119

0,1443,1443,115,130

0,1444,1444,126,140

0,1445,1445,136,151

0,1446,1446,147,162

0,1447,1447,158,172

0,1448,1448,169,183

0,1449,1449,179,194

0,1450,1450,190,204

0,1451,1451,200,215

0,1452,1452,211,225

0,1453,1453,221,236

0,1454,1454,231,245

0,1455,1455,242,256

0,1456,1456,252,268

0,1457,1457,264,279

0,1458,1458,275,289

0,1459,1459,285,300

0,1460,1460,296,310

0,1461,1461,306,321

0,1462,1462,317,332

0,1463,1463,328,342

0,1464,1464,338,353

0,1465,1465,349,363

0,1466,1466,359,374

0,1467,1467,370,384

0,1468,1468,380,395

0,1469,1469,391,405

0,1470,1470,401,416

0,1471,1471,412,426

0,1472,1472,422,437

0,1473,1473,433,447

0,1474,1474,443,458

0,1475,1475,454,469

0,1476,1476,465,479

0,1477,1477,475,489

0,1478,1478,485,500

0,1479,1479,496,511

0,1480,1480,506,521

0,1481,1481,517,531

0,1482,1482,527,542

0,1483,1483,538,552

0,1484,1484,548,563

0,1485,1485,559,574

0,1486,1486,569,584

0,1487,1487,580,594

0,1488,1488,590,605

0,1489,1489,601,616

0,1490,1490,612,626

0,1491,1491,622,637

0,1492,1492,633,647

0,1493,1493,643,658

0,1494,1494,654,669

0,1495,1495,665,679

0,1496,1496,675,689

0,1497,1497,686,700

0,1498,1498,696,710

0,1499,1499,706,721

0,1500,1500,717,731

0,1501,1501,727,742

0,1502,1502,738,752

0,1503,1503,748,763

0,1504,1504,759,774

0,1505,1505,770,784

0,1506,1506,780,795

0,1507,1507,791,805

0,1508,1508,801,816

0,1509,1509,812,826

0,1510,1510,822,837

0,1511,1511,833,847

0,1512,1512,843,858

0,1513,1513,854,869

0,1514,1514,864,879

0,1515,1515,875,890

0,1516,1516,886,900

0,1517,1517,896,911

0,1518,1518,906,921

0,1519,1519,917,932

0,1520,1520,928,942

0,1521,1521,938,953

0,1522,1522,949,963

0,1523,1523,959,974

0,1524,1524,969,984

0,1525,1525,980,995

0,1526,1526,991,5

0,1527,1527,1,15

0,1528,1528,12,26

0,1529,1529,22,37

0,1530,1530,33,47

0,1531,1531,43,58

0,1532,1532,54,68

0,1533,1533,64,79

0,1534,1534,75,89

0,1535,1535,85,100

0,1536,1536,96,110

0,1537,1537,106,121

0,1538,1538,117,131

0,1539,1539,127,141

0,1540,1540,137,152

0,1541,1541,148,162

0,1542,1542,158,173

0,1543,1543,169,183

0,1544,1544,179,194

0,1545,1545,190,204

0,1546,1546,200,215

0,1547,1547,211,225

0,1548,1548,221,236

0,1549,1549,232,246

0,1550,1550,242,257

0,1551,1551,252,267

0,1552,1552,263,277

0,1553,1553,274,288

0,1554,1554,284,299

0,1555,1555,295,309

0,1556,1556,305,320

0,1557,1557,316,330

0,1558,1558,326,341

0,1559,1559,337,351

0,1560,1560,347,362

0,1561,1561,358,373

0,1562,1562,369,383

0,1563,1563,379,394

0,1564,1564,390,404

0,1565,1565,400,415

0,1566,1566,411,426

0,1567,1567,422,436

0,1568,1568,432,447

0,1569,1569,443,457

0,1570,1570,453,468

0,1571,1571,464,478

0,1572,1572,474,489

0,1573,1573,485,499

0,1574,1574,495,510

0,1575,1575,506,521

0,1576,1576,516,531

0,1577,1577,527,541

0,1578,1578,537,552

0,1579,1579,548,562

0,1580,1580,558,573

0,1581,1581,569,584

0,1582,1582,579,594

0,1583,1583,590,604

0,1584,1584,600,615

0,1585,1585,611,626

0,1586,1586,621,636

0,1587,1587,632,647

0,1588,1588,643,657

0,1589,1589,653,668

0,1590,1590,664,679

0,1591,1591,674,689

0,1592,1592,685,700

0,1593,1593,696,710

0,1594,1594,706,720

0,1595,1595,717,731

0,1596,1596,727,742

0,1597,1597,738,752

0,1598,1598,748,763

0,1599,1599,759,773

0,1600,1600,769,784

0,1601,1601,780,794

0,1602,1602,790,804

0,1603,1603,801,815

0,1604,1604,811,826

0,1605,1605,822,836

0,1606,1606,832,847

0,1607,1607,843,857

0,1608,1608,853,868

0,1609,1609,864,879

0,1610,1610,875,889

0,1611,1611,885,900

0,1612,1612,896,911

0,1613,1613,907,921

0,1614,1614,917,932

0,1615,1615,928,942

0,1616,1616,938,953

0,1617,1617,949,963

0,1618,1618,959,974

0,1619,1619,970,984

0,1620,1620,980,999

0,1621,1621,990,8

0,1622,1622,0,14

0,1623,1623,14,28

0,1624,1624,24,39

0,1625,1625,35,49

0,1626,1626,45,60

0,1627,1627,56,71

0,1628,1628,67,81

0,1629,1629,78,92

0,1630,1630,88,102

0,1631,1631,99,113

0,1632,1632,109,123

0,1633,1633,120,134

0,1634,1634,130,147

0,1635,1635,143,157

0,1636,1636,153,168

0,1637,1637,164,179

0,1638,1638,175,189

0,1639,1639,185,200

0,1640,1640,196,210

0,1641,1641,206,221

0,1642,1642,217,231

0,1643,1643,227,242

0,1644,1644,238,252

0,1645,1645,249,263

0,1646,1646,259,274

0,1647,1647,270,284

0,1648,1648,280,300

0,1649,1649,290,308

0,1650,1650,300,315

0,1651,1651,314,329

0,1652,1652,329,344

0,1653,1653,340,354

0,1654,1654,350,365

0,1655,1655,361,375

0,1656,1656,371,386

0,1657,1657,382,397

0,1658,1658,393,407

0,1659,1659,403,418

0,1660,1660,414,428

0,1661,1661,424,439

0,1662,1662,435,449

0,1663,1663,445,460

0,1664,1664,456,470

0,1665,1665,467,481

0,1666,1666,477,492

0,1667,1667,488,502

0,1668,1668,498,517

0,1669,1669,508,526

0,1670,1670,518,532

0,1671,1671,532,547

0,1672,1672,543,557

0,1673,1673,553,568

0,1674,1674,564,578

0,1675,1675,574,589

0,1676,1676,585,600

0,1677,1677,596,610

0,1678,1678,606,621

0,1679,1679,617,631

0,1680,1680,627,642

0,1681,1681,638,653

0,1682,1682,649,663

0,1683,1683,659,674

0,1684,1684,670,684

0,1685,1685,680,695

0,1686,1686,691,705

0,1687,1687,701,716

0,1688,1688,712,726

0,1689,1689,722,737

0,1690,1690,733,747

0,1691,1691,743,758

0,1692,1692,754,769

0,1693,1693,765,779

0,1694,1694,775,790

0,1695,1695,786,800

0,1696,1696,796,816

0,1697,1697,806,821

0,1698,1698,816,830

0,1699,1699,826,841

0,1700,1700,837,851

0,1701,1701,848,862

0,1702,1702,858,873

0,1703,1703,869,883

0,1704,1704,879,894

0,1705,1705,890,905

0,1706,1706,901,915

0,1707,1707,911,926

0,1708,1708,922,936

0,1709,1709,932,947

0,1710,1710,942,957

0,1711,1711,955,969

0,1712,1712,966,980

0,1713,1713,977,991

0,1714,1714,987,2

0,1715,1715,998,12

0,1716,1716,8,22

0,1717,1717,19,33

0,1718,1718,29,43

0,1719,1719,40,54

0,1720,1720,50,66

0,1721,1721,62,77

0,1722,1722,73,87

0,1723,1723,83,98

0,1724,1724,94,108

0,1725,1725,104,119

0,1726,1726,115,130

0,1727,1727,126,140

0,1728,1728,136,151

0,1729,1729,147,161

0,1730,1730,158,172

0,1731,1731,168,183

0,1732,1732,179,193

0,1733,1733,189,204

0,1734,1734,200,214

0,1735,1735,211,225

0,1736,1736,221,236

0,1737,1737,232,247

0,1738,1738,243,257

0,1739,1739,253,268

0,1740,1740,264,278

0,1741,1741,274,289

0,1742,1742,285,300

0,1743,1743,296,310

0,1744,1744,306,321

0,1745,1745,317,331

0,1746,1746,328,343

0,1747,1747,339,354

0,1748,1748,350,364

0,1749,1749,361,375

0,1750,1750,371,386

0,1751,1751,382,397

0,1752,1752,393,408

0,1753,1753,404,419

0,1754,1754,415,429

0,1755,1755,425,440

0,1756,1756,436,450

0,1757,1757,446,461

0,1758,1758,457,471

0,1759,1759,467,482

0,1760,1760,478,492

0,1761,1761,488,503

0,1762,1762,499,518

0,1763,1763,509,523

0,1764,1764,519,533

0,1765,1765,529,544

0,1766,1766,540,554

0,1767,1767,550,565

0,1768,1768,561,575

0,1769,1769,571,585

0,1770,1770,581,596

0,1771,1771,592,606

0,1772,1772,602,617

0,1773,1773,613,627

0,1774,1774,624,638

0,1775,1775,634,649

0,1776,1776,645,659

0,1777,1777,655,669

0,1778,1778,666,680

0,1779,1779,676,690

0,1780,1780,686,701

0,1781,1781,697,711

0,1782,1782,707,722

0,1783,1783,718,733

0,1784,1784,729,743

0,1785,1785,739,754

0,1786,1786,750,764

0,1787,1787,760,774

0,1788,1788,770,785

0,1789,1789,781,795

0,1790,1790,792,806

0,1791,1791,802,817

0,1792,1792,813,827

0,1793,1793,823,838

0,1794,1794,834,848

0,1795,1795,844,859

0,1796,1796,855,869

0,1797,1797,865,880

0,1798,1798,876,890

0,1799,1799,886,901

0,1800,1800,897,911

0,1801,1801,907,922

0,1802,1802,918,932

0,1803,1803,928,943

0,1804,1804,939,953

0,1805,1805,949,963

0,1806,1806,960,974

0,1807,1807,970,985

0,1808,1808,981,996

0,1809,1809,991,6

0,1810,1810,2,16

0,1811,1811,12,26

0,1812,1812,23,37

0,1813,1813,33,48

0,1814,1814,44,58

0,1815,1815,54,69

0,1816,1816,65,79

0,1817,1817,75,90

0,1818,1818,86,101

0,1819,1819,97,111

0,1820,1820,108,122

0,1821,1821,118,132

0,1822,1822,128,143

0,1823,1823,139,154

0,1824,1824,150,164

0,1825,1825,160,175

0,1826,1826,171,186

0,1827,1827,182,196

0,1828,1828,192,207

0,1829,1829,203,217

0,1830,1830,213,228

0,1831,1831,224,239

0,1832,1832,235,249

0,1833,1833,245,260

0,1834,1834,256,270

0,1835,1835,266,281

0,1836,1836,277,292

0,1837,1837,288,306

0,1838,1838,299,314

0,1839,1839,314,328

0,1840,1840,324,339

0,1841,1841,335,349

0,1842,1842,345,360

0,1843,1843,356,370

0,1844,1844,366,381

0,1845,1845,377,392

0,1846,1846,388,402

0,1847,1847,399,413

0,1848,1848,409,424

0,1849,1849,420,434

0,1850,1850,430,445

0,1851,1851,441,456

0,1852,1852,452,466

0,1853,1853,462,477

0,1854,1854,473,488

0,1855,1855,484,499

0,1856,1856,495,509

0,1857,1857,505,520

0,1858,1858,516,531

0,1859,1859,526,541

0,1860,1860,537,552

0,1861,1861,548,562

0,1862,1862,558,573

0,1863,1863,569,583

0,1864,1864,579,594

0,1865,1865,590,605

0,1866,1866,601,615

0,1867,1867,611,626

0,1868,1868,622,636

0,1869,1869,632,647

0,1870,1870,643,658

0,1871,1871,654,668

0,1872,1872,664,679

0,1873,1873,675,689

0,1874,1874,685,700

0,1875,1875,696,710

0,1876,1876,706,721

0,1877,1877,717,732

0,1878,1878,728,742

0,1879,1879,738,753

0,1880,1880,749,763

0,1881,1881,760,774

0,1882,1882,770,784

0,1883,1883,781,795

0,1884,1884,791,806

0,1885,1885,802,816

0,1886,1886,812,831

0,1887,1887,822,836

0,1888,1888,831,846

0,1889,1889,842,857

0,1890,1890,853,867

0,1891,1891,863,878

0,1892,1892,874,889

0,1893,1893,885,899

0,1894,1894,895,910

0,1895,1895,906,920

0,1896,1896,916,931

0,1897,1897,927,942

0,1898,1898,938,952

0,1899,1899,948,963

0,1900,1900,959,973

0,1901,1901,969,984

0,1902,1902,980,994

0,1903,1903,990,5

0,1904,1904,1,15

0,1905,1905,11,25

0,1906,1906,22,36

0,1907,1907,32,46

0,1908,1908,43,57

0,1909,1909,53,67

0,1910,1910,64,78

0,1911,1911,74,88

0,1912,1912,85,99

0,1913,1913,95,110

0,1914,1914,106,120

0,1915,1915,116,133

0,1916,1916,129,143

0,1917,1917,139,158

0,1918,1918,149,163

0,1919,1919,163,178

0,1920,1920,174,188

0,1921,1921,184,203

0,1922,1922,194,208

0,1923,1923,208,223

0,1924,1924,219,233

0,1925,1925,229,244

0,1926,1926,240,254

0,1927,1927,250,265

0,1928,1928,261,276

0,1929,1929,272,286

0,1930,1930,282,297

0,1931,1931,293,308

0,1932,1932,304,318

0,1933,1933,314,329

0,1934,1934,325,339

0,1935,1935,335,350

0,1936,1936,346,360

0,1937,1937,356,371

0,1938,1938,367,381

0,1939,1939,378,392

0,1940,1940,388,403

0,1941,1941,399,413

0,1942,1942,409,424

0,1943,1943,420,434

0,1944,1944,430,445

0,1945,1945,441,455

0,1946,1946,451,466

0,1947,1947,462,476

0,1948,1948,472,487

0,1949,1949,483,497

0,1950,1950,493,508

0,1951,1951,504,518

0,1952,1952,514,529

0,1953,1953,525,539

0,1954,1954,535,550

0,1955,1955,546,560

0,1956,1956,556,571

0,1957,1957,567,581

0,1958,1958,577,597

0,1959,1959,587,605

0,1960,1960,597,611

0,1961,1961,611,627

0,1962,1962,623,638

0,1963,1963,633,648

0,1964,1964,644,659

0,1965,1965,655,669

0,1966,1966,665,679

0,1967,1967,675,690

0,1968,1968,686,700

0,1969,1969,696,711

0,1970,1970,707,721

0,1971,1971,717,736

0,1972,1972,727,741

0,1973,1973,737,755

0,1974,1974,748,762

0,1975,1975,762,777

0,1976,1976,773,788

0,1977,1977,783,798

0,1978,1978,794,809

0,1979,1979,804,818

0,1980,1980,814,829

0,1981,1981,825,839

0,1982,1982,835,849

0,1983,1983,845,860

0,1984,1984,856,870

0,1985,1985,866,881

0,1986,1986,877,891

0,1987,1987,888,902

0,1988,1988,898,913

0,1989,1989,909,923

0,1990,1990,919,934

0,1991,1991,930,945

0,1992,1992,940,955

0,1993,1993,951,966

0,1994,1994,961,976

0,1995,1995,972,987

0,1996,1996,983,997

0,1997,1997,993,8

0,1998,1998,4,18

0,1999,1999,15,29

0,2000,2000,25,40

0,2001,2001,36,50

0,2002,2002,46,61

0,2003,2003,57,71

0,2004,2004,67,82

0,2005,2005,78,92

0,2006,2006,88,103

0,2007,2007,99,113

0,2008,2008,109,124

0,2009,2009,120,134

0,2010,2010,130,145

0,2011,2011,141,155

0,2012,2012,151,166

0,2013,2013,162,176

0,2014,2014,172,187

0,2015,2015,183,197

0,2016,2016,194,208

0,2017,2017,204,218

0,2018,2018,214,229

0,2019,2019,225,240

0,2020,2020,236,250

0,2021,2021,247,261

0,2022,2022,257,272

0,2023,2023,268,283

0,2024,2024,279,293

0,2025,2025,290,304

0,2026,2026,300,315

0,2027,2027,311,325

0,2028,2028,321,336

0,2029,2029,332,346

0,2030,2030,342,357

0,2031,2031,353,367

0,2032,2032,363,378

0,2033,2033,374,388

0,2034,2034,384,399

0,2035,2035,395,409

0,2036,2036,405,420

0,2037,2037,416,430

0,2038,2038,426,441

0,2039,2039,437,451

0,2040,2040,447,462

0,2041,2041,458,472

0,2042,2042,468,483

0,2043,2043,479,493

0,2044,2044,489,504

0,2045,2045,500,515

0,2046,2046,511,525

0,2047,2047,521,536

0,2048,2048,532,547

0,2049,2049,543,558

0,2050,2050,554,568

0,2051,2051,564,579

0,2052,2052,575,589

0,2053,2053,585,600

0,2054,2054,596,610

0,2055,2055,606,621

0,2056,2056,617,631

0,2057,2057,627,643

0,2058,2058,639,653

0,2059,2059,649,664

0,2060,2060,660,674

0,2061,2061,670,685

0,2062,2062,681,696

0,2063,2063,692,706

0,2064,2064,702,716

0,2065,2065,712,727

0,2066,2066,723,737

0,2067,2067,733,748

0,2068,2068,744,758

0,2069,2069,754,769

0,2070,2070,765,780

0,2071,2071,775,790

0,2072,2072,786,801

0,2073,2073,796,811

0,2074,2074,807,821

0,2075,2075,817,832

0,2076,2076,828,843

0,2077,2077,839,853

0,2078,2078,849,864

0,2079,2079,860,874

0,2080,2080,870,885

0,2081,2081,881,895

0,2082,2082,891,906

0,2083,2083,902,917

0,2084,2084,912,927

0,2085,2085,923,938

0,2086,2086,933,948

0,2087,2087,944,958

0,2088,2088,955,969

0,2089,2089,965,980

0,2090,2090,976,990

0,2091,2091,986,1

0,2092,2092,997,11

0,2093,2093,7,21

0,2094,2094,18,32

0,2095,2095,28,42

0,2096,2096,39,53

0,2097,2097,49,65

0,2098,2098,61,75

0,2099,2099,71,85

0,2100,2100,82,96

0,2101,2101,92,106

0,2102,2102,103,117

0,2103,2103,113,128

0,2104,2104,124,138

0,2105,2105,134,149

0,2106,2106,145,159

0,2107,2107,155,171

0,2108,2108,167,181

0,2109,2109,178,192

0,2110,2110,188,203

0,2111,2111,199,213

0,2112,2112,209,224

0,2113,2113,220,234

0,2114,2114,230,245

0,2115,2115,241,255

0,2116,2116,251,266

0,2117,2117,262,276

0,2118,2118,272,287

0,2119,2119,283,297

0,2120,2120,293,308

0,2121,2121,304,318

0,2122,2122,314,329

0,2123,2123,325,340

0,2124,2124,335,350

0,2125,2125,346,360

0,2126,2126,356,371

0,2127,2127,366,381

0,2128,2128,377,392

0,2129,2129,388,402

0,2130,2130,398,413

0,2131,2131,409,423

0,2132,2132,419,434

0,2133,2133,430,444

0,2134,2134,440,455

0,2135,2135,451,465

0,2136,2136,461,476

0,2137,2137,472,486

0,2138,2138,482,497

0,2139,2139,493,507

0,2140,2140,503,518

0,2141,2141,514,528

0,2142,2142,524,539

0,2143,2143,535,549

0,2144,2144,545,560

0,2145,2145,556,570

0,2146,2146,566,581

0,2147,2147,577,592

0,2148,2148,588,602

0,2149,2149,598,613

0,2150,2150,609,623

0,2151,2151,619,634

0,2152,2152,630,644

0,2153,2153,641,655

0,2154,2154,651,666

0,2155,2155,662,676

0,2156,2156,672,687

0,2157,2157,683,697

0,2158,2158,693,708

0,2159,2159,704,718

0,2160,2160,714,729

0,2161,2161,724,741

0,2162,2162,737,751

0,2163,2163,747,762

0,2164,2164,758,773

0,2165,2165,769,783

0,2166,2166,779,794

0,2167,2167,790,804

0,2168,2168,800,815

0,2169,2169,811,826

0,2170,2170,822,836

0,2171,2171,833,847

0,2172,2172,843,858

0,2173,2173,854,868

0,2174,2174,864,879

0,2175,2175,875,889

0,2176,2176,885,900

0,2177,2177,896,910

0,2178,2178,906,921

0,2179,2179,917,931

0,2180,2180,927,942

0,2181,2181,938,953

0,2182,2182,949,963

0,2183,2183,959,974

0,2184,2184,970,984

0,2185,2185,980,995

0,2186,2186,991,5

0,2187,2187,1,15

0,2188,2188,12,26

0,2189,2189,22,36

0,2190,2190,33,48

0,2191,2191,44,58

0,2192,2192,55,69

0,2193,2193,65,79

0,2194,2194,75,90

0,2195,2195,86,101

0,2196,2196,97,111

0,2197,2197,107,122

0,2198,2198,118,132

0,2199,2199,128,143

0,2200,2200,139,153

0,2201,2201,149,164

0,2202,2202,160,175

0,2203,2203,171,185

0,2204,2204,181,196

0,2205,2205,192,206

0,2206,2206,202,217

0,2207,2207,213,227

0,2208,2208,223,239

0,2209,2209,235,250

0,2210,2210,246,260

0,2211,2211,256,271

0,2212,2212,267,281

0,2213,2213,277,292

0,2214,2214,288,302

0,2215,2215,298,313

0,2216,2216,309,323

0,2217,2217,319,334

0,2218,2218,330,344

0,2219,2219,340,355

0,2220,2220,351,365

0,2221,2221,361,376

0,2222,2222,372,387

0,2223,2223,383,397

0,2224,2224,393,407

0,2225,2225,404,418

0,2226,2226,414,429

0,2227,2227,425,439

0,2228,2228,435,450

0,2229,2229,446,460

0,2230,2230,456,471

0,2231,2231,467,481

0,2232,2232,477,492

0,2233,2233,488,502

0,2234,2234,498,513

0,2235,2235,509,523

0,2236,2236,519,534

0,2237,2237,530,545

0,2238,2238,540,555

0,2239,2239,551,565

0,2240,2240,561,576

0,2241,2241,572,586

0,2242,2242,582,597

0,2243,2243,593,608

0,2244,2244,604,618

0,2245,2245,614,629

0,2246,2246,625,639

0,2247,2247,635,650

0,2248,2248,646,661

0,2249,2249,657,671

0,2250,2250,667,682

0,2251,2251,678,692

0,2252,2252,688,703

0,2253,2253,699,713

0,2254,2254,709,724

0,2255,2255,720,734

0,2256,2256,730,745

0,2257,2257,741,756

0,2258,2258,752,768

0,2259,2259,764,779

0,2260,2260,775,790

0,2261,2261,786,800

0,2262,2262,796,811

0,2263,2263,807,821

0,2264,2264,817,832

0,2265,2265,828,843

0,2266,2266,839,853

0,2267,2267,850,865

0,2268,2268,861,876

0,2269,2269,872,887

0,2270,2270,883,897

0,2271,2271,893,908

0,2272,2272,904,918

0,2273,2273,914,929

0,2274,2274,925,940

0,2275,2275,936,951

0,2276,2276,947,962

0,2277,2277,958,972

0,2278,2278,969,983

0,2279,2279,979,993

0,2280,2280,990,4

0,2281,2281,0,14

0,2282,2282,11,25

0,2283,2283,21,35

0,2284,2284,32,46

0,2285,2285,43,58

0,2286,2286,54,68

0,2287,2287,65,79

0,2288,2288,75,90

0,2289,2289,86,100

0,2290,2290,96,111

0,2291,2291,107,121

0,2292,2292,117,132

0,2293,2293,128,143

0,2294,2294,139,153

0,2295,2295,149,164

0,2296,2296,160,174

0,2297,2297,170,185

0,2298,2298,181,195

0,2299,2299,191,206

0,2300,2300,201,216

0,2301,2301,212,226

0,2302,2302,222,237

0,2303,2303,233,247

0,2304,2304,243,258

0,2305,2305,254,268

0,2306,2306,264,279

0,2307,2307,275,289

0,2308,2308,285,300

0,2309,2309,296,310

0,2310,2310,307,321

0,2311,2311,317,332

0,2312,2312,327,342

0,2313,2313,338,352

0,2314,2314,348,363

0,2315,2315,358,373

0,2316,2316,369,384

0,2317,2317,380,394

0,2318,2318,391,405

0,2319,2319,401,416

0,2320,2320,412,427

0,2321,2321,422,437

0,2322,2322,433,447

0,2323,2323,444,458

0,2324,2324,454,469

0,2325,2325,465,479

0,2326,2326,475,490

0,2327,2327,486,501

0,2328,2328,497,511

0,2329,2329,507,522

0,2330,2330,518,532

0,2331,2331,528,543

0,2332,2332,539,553

0,2333,2333,549,564

0,2334,2334,560,576

0,2335,2335,572,587

0,2336,2336,583,597

0,2337,2337,593,608

0,2338,2338,604,618

0,2339,2339,614,629

0,2340,2340,625,639

0,2341,2341,635,650

0,2342,2342,646,660

0,2343,2343,656,671

0,2344,2344,667,681

0,2345,2345,677,692

0,2346,2346,688,702

0,2347,2347,698,713

0,2348,2348,709,723

0,2349,2349,719,734

0,2350,2350,730,744

0,2351,2351,740,759

0,2352,2352,750,764

0,2353,2353,760,774

0,2354,2354,770,785

0,2355,2355,781,795

0,2356,2356,791,806

0,2357,2357,802,821

0,2358,2358,812,830

0,2359,2359,822,836

0,2360,2360,836,851

0,2361,2361,847,861

0,2362,2362,857,872

0,2363,2363,868,883

0,2364,2364,879,893

0,2365,2365,889,904

0,2366,2366,900,914

0,2367,2367,911,925

0,2368,2368,921,935

0,2369,2369,932,949

